x y yc yclog atom
1 98.149801274522 0.1568267714822578 -0.074083191139586 1
2 84.77395820335249 0.2922812094756513 -0.15013927336082927 1
3 65.76085891722045 0.39735593260262536 -0.21993911440217673 1
4 46.9941219946952 0.4724445862256513 -0.27773191587396506 1
5 26.406427159792237 0.514637587781189 -0.3139338596440405 1
6 26.232263337661678 0.5565523050245929 -0.35315759820694836 1
7 25.77714500859373 0.5977398202027527 -0.3954929566165512 1
8 24.826488252409742 0.6374083467744748 -0.44058219748215 1
9 22.45683587647771 0.6732905698914069 -0.48583832991078874 1
10 21.063887178808198 0.7069470967332653 -0.5330539717180333 1
11 20.3252805415726 0.739423455171226 -0.584064678837848 1
12 18.19330317645735 0.7684932745973643 -0.6354363879599488 1
13 16.10944487438782 0.7942334411307167 -0.6866252052715276 1
14 14.038587796839467 0.8166647285277301 -0.736753974033076 1
15 12.34154582019455 0.8363844300548678 -0.7861753704721217 1
16 8.94285252705532 0.8506735948972636 -0.8258633900214133 1
17 6.66395753021737 0.8613214712168071 -0.857990774347125 1
18 4.412273443801791 0.8683715374431556 -0.8806501913084371 1
19 4.04704189130541 0.8748380254607083 -0.9025275940976365 1
20 3.8109693514347525 0.8809273095126618 -0.9241878332329745 1
21 3.3855319500356735 0.886336816598561 -0.9443801846953187 1
22 3.115034028736144 0.8913141137855181 -0.9638268490796521 1
23 2.9904376327384687 0.896092327018469 -0.9833523811194458 1
24 2.924152064513045 0.9007646271316205 -1.003333494143675 1
25 2.9151132058461697 0.9054224846783665 -1.0242120996701192 1
26 2.491320851926342 0.909403193766521 -1.0428871120320669 1
27 2.4777911814118774 0.9133622847309659 -1.0622930090504914 1
28 2.2017111034028725 0.9168802464547757 -1.0802957531566997 1
29 1.7509966560851287 0.9196780427710618 -1.0951657174877594 1
30 1.6747674004761648 0.9223540376379876 -1.1098811229294898 1
31 1.6747674004761648 0.9250300325049134 -1.1251126774519749 1
32 1.6680556749141617 0.9276953031702893 -1.140833490520509 1
33 1.614836321678772 0.9302755383160828 -1.1566148300716905 1
34 1.4889887700699305 0.9326546903729501 -1.1716926460289516 1
35 1.4081506144308762 0.9349046767382233 -1.1864502119627285 1
36 1.141046473396065 0.936727875891051 -1.1987875855928363 1
37 1.0829188613123322 0.9384581969573347 -1.2108297840065128 1
38 1.0682573355108176 0.9401650913867163 -1.2230453679381799 1
39 1.0565245124037639 0.9418532387504458 -1.2354744702840945 1
40 1.0536551345576057 0.943536801333993 -1.248234522511324 1
41 1.0495193989784894 0.9452137557120199 -1.2613284703430188 1
42 1.0150399736266587 0.9468356178036617 -1.2743792285334838 1
43 0.985544797724114 0.9484103515959992 -1.2874374319391095 1
44 0.9720025514114627 0.9499634471706302 -1.3007126178185684 1
45 0.9593869082114159 0.9514963850825096 -1.3142258927335233 1
46 0.9226753547643366 0.9529706641450746 -1.3276311542876797 1
47 0.9125414793741796 0.9544287509898315 -1.3413090681743995 1
48 0.8874805904191616 0.9558467947753642 -1.355037764094429 1
49 0.8582340182449922 0.957218107488277 -1.3687400077677885 1
50 0.8395381610242453 0.9585595473854533 -1.382575509852433 1
51 0.8029586294268606 0.9598425393818878 -1.396233757875237 1
52 0.7665348426743109 0.9610673323314837 -1.4096858373806513 1
53 0.7495868849205289 0.9622650453128756 -1.4232561671816237 1
54 0.7184366684345594 0.9634129855202115 -1.4366730277326722 1
55 0.6935315243243765 0.9645211315222268 -1.450030239508166 1
56 0.6339147074422596 0.9655340199404645 -1.4626093675862584 1
57 0.6205282059744421 0.9665255189948992 -1.4752861476503274 1
58 0.5746995016303136 0.9674437915358803 -1.4873661793047062 1
59 0.5556714288909697 0.9683316604369508 -1.4993747069946761 1
60 0.5475248876245088 0.9692065125438051 -1.511541123139266 1
61 0.5162892347824118 0.9700314553637657 -1.5233343472044933 1
62 0.5148245919973662 0.9708540579324331 -1.535421902666248 1
63 0.5072737955233616 0.9716645956062381 -1.5476705848673387 1
64 0.4978859368068005 0.9724601330706232 -1.5600381625532045 1
65 0.40462015609460744 0.9731066476018088 -1.5703550573048772 1
66 0.3886239371470303 0.9737276028823297 -1.5805002999782305 1
67 0.3750027463550186 0.9743267938052267 -1.5905198911358236 1
68 0.37225054360703885 0.9749215871739176 -1.6006999527969106 1
69 0.366935748349844 0.9755078883992679 -1.6109737703259794 1
70 0.35632466849391925 0.9760772349148364 -1.6211886243564624 1
71 0.33988093111947026 0.9766203071210324 -1.6311611981290854 1
72 0.3311701817298339 0.9771494610239183 -1.6411035517614143 1
73 0.31577367262501616 0.9776540139109727 -1.650800475929823 1
74 0.3075113186319017 0.9781453649546737 -1.6604564414792629 1
75 0.28365234390270955 0.9785985933946706 -1.6695576817509357 1
76 0.2751417061443331 0.9790382232758769 -1.6785719092465061 1
77 0.24632140216180207 0.9794318031888914 -1.686803780707403 1
78 0.24277209365676447 0.9798197119076029 -1.695072638096865 1
79 0.21040248116919624 0.9801558994638194 -1.7023685813638376 1
80 0.1964413327974797 0.9804697794677344 -1.709292852697538 1
81 0.1833452439443144 0.980762734138055 -1.7158566529556103 1
82 0.18139269808536435 0.9810525689705436 -1.7224496651345758 1
83 0.1741706767874929 0.9813308642352591 -1.728875786030109 1
84 0.17088215044219865 0.9816039049914278 -1.7352743561325679 1
85 0.17024915509114907 0.9818759343281541 -1.741744372840865 1
86 0.16967033167399048 0.9821470388030203 -1.7482897389440666 1
87 0.1668812822385352 0.9824136868489098 -1.7548251978343743 1
88 0.15835897622905779 0.9826667176921182 -1.76111918955244 1
89 0.15715306623798375 0.9829178216952503 -1.7674567492552147 1
90 0.1566725230840963 0.9831681578717499 -1.773868350907497 1
91 0.1547736160862799 0.9834154599162396 -1.7802965676690394 1
92 0.15236986639170605 0.98365892117553 -1.786719275095646 1
93 0.1470476207841251 0.9838938783870808 -1.7930090259923588 1
94 0.1465034226832228 0.9841279660621668 -1.7993674165735953 1
95 0.14413872123736857 0.9843582753445463 -1.8057153633572203 1
96 0.14405697738481846 0.984588454014084 -1.8121537935025158 1
97 0.13785845054487691 0.9848087284867753 -1.818405874059108 1
98 0.13753605687404966 0.9850284878289428 -1.824734332296967 1
99 0.1357362653391924 0.9852453714088358 -1.8310717182438643 1
100 0.13179238530763004 0.985455953335904 -1.8373147407002912 1
101 0.13160491939064087 0.9856662357241637 -1.8436397419444273 1
102 0.13096088853165314 0.9858754890601069 -1.850026580661289 1
103 0.1265379539226795 0.9860776752950863 -1.8562882415773985 1
104 0.12518517394101067 0.9862777000166004 -1.8625730907878435 1
105 0.12442490989425968 0.9864765099648357 -1.8689112146505693 1
106 0.120557385989986 0.9866691402644149 -1.8751418411052503 1
107 0.11907111754391317 0.9868593957585546 -1.8813846642517331 1
108 0.11879265964363388 0.9870492063240961 -1.8877036154820874 1
109 0.11786479967848809 0.9872375343264451 -1.8940654129995091 1
110 0.1162287905585226 0.9874232482630999 -1.9004315119034005 1
111 0.11311355444932698 0.9876039845796774 -1.906717892181313 1
112 0.10989121923777805 0.9877795721499375 -1.9129135887196156 1
113 0.1088356188512181 0.9879534730494306 -1.9191381434301626 1
114 0.10312868266929939 0.9881182552307517 -1.9251197809020684 1
115 0.1018021990043945 0.9882809179156714 -1.931106403789158 1
116 0.09697341684856421 0.9884358650239332 -1.9368868479060068 1
117 0.09636614610082075 0.9885898418163153 -1.9427083347382086 1
118 0.09400351385045738 0.988740043522215 -1.9484632881253783 1
119 0.09301766923793575 0.9888886700152691 -1.9542339545191088 1
120 0.09174577010912006 0.9890352642287727 -1.9600018295113664 1
121 0.0909774382956882 0.9891806307780715 -1.9657980582147698 1
122 0.0897902007857076 0.9893241003227584 -1.9715955159846708 1
123 0.0896036095323421 0.9894672717262013 -1.9774591197181495 1
124 0.08727185337226431 0.9896067173779288 -1.9832472628862483 1
125 0.08491271841679456 0.9897423935312595 -1.9889539665817142 1
126 0.08375789130497653 0.9898762244663093 -1.994657492668289 1
1 62.622406914219425 0.11526142281938445 -0.053185035810482624 2
2 54.088232858372905 0.21481503284881065 -0.10502802382723159 2
3 46.994121994695156 0.3013113786803594 -0.155716329506972 2
4 25.77714500859371 0.3487562240051639 -0.18625641427056056 2
5 24.82648825240972 0.39445131144409334 -0.21785093208977976 2
6 15.92354925862432 0.42375984547086265 -0.23939648176749284 2
7 15.297775061431544 0.4519165932938391 -0.2611533460486478 2
8 14.883322446365007 0.4793105087624282 -0.2834211873398427 2
9 14.785159362522775 0.5065237474210776 -0.3067337419246044 2
10 13.75348988760565 0.5318381179681716 -0.32960394966791773 2
11 13.21299612247638 0.5561576675963067 -0.35277127837133687 2
12 12.968115800458863 0.5800264958975713 -0.37677810813801976 2
13 12.507426866377669 0.6030473902940903 -0.4012613385057134 2
14 12.500307897212586 0.6260551816727693 -0.4271924803239044 2
15 10.278290928623319 0.644973177562124 -0.4497388345598011 2
16 9.383076724427244 0.6622434619055921 -0.47139623540484804 2
17 7.874262548337201 0.6767366561103114 -0.49044353896713977 2
18 7.692923361254295 0.6908960814015376 -0.5098954892268869 2
19 5.940636995583218 0.7018302870046906 -0.5255364727107553 2
20 5.426527996743479 0.7118182349085559 -0.5403335029485004 2
21 5.403619550783452 0.721764018031378 -0.5555867069825914 2
22 5.356025269356546 0.7316222001681371 -0.5712534117864889 2
23 5.302527066752632 0.7413819146915568 -0.5873411079358086 2
24 5.00365653652556 0.750591534700086 -0.6030888099968196 2
25 4.961461171411342 0.7597234908489984 -0.61928868631129 2
26 4.900541287858329 0.7687433192020896 -0.6359057120299811 2
27 4.882193188285063 0.7777293764472489 -0.6531179321367488 2
28 4.687001416320434 0.7863561680163046 -0.6703096409891357 2
29 4.322955240947752 0.7943129042136003 -0.6867929538305692 2
30 3.7473070804107396 0.8012101150860752 -0.7016057177144994 2
31 3.3473212383025537 0.8073711208278185 -0.7152786023365517 2
32 2.9794245503489116 0.8128549840291585 -0.7278217344869559 2
33 2.891148703962944 0.8181763686520405 -0.7403496728354003 2
34 2.613551282380391 0.8229868135752327 -0.7519943800890336 2
35 2.5736920930331273 0.8277238945524674 -0.763774954658242 2
36 2.572052226721137 0.8324579572278886 -0.7758761936850287 2
37 2.3859173063011414 0.8368494240686692 -0.7874113887877985 2
38 2.2427220110915296 0.8409773288031656 -0.7985409557185409 2
39 1.9874816450575157 0.8446354437419691 -0.8086480510257594 2
40 1.9079855471653944 0.8481472399140062 -0.8185773099082259 2
41 1.896669023780127 0.8516382071423627 -0.8286779271399085 2
42 1.8558681886395063 0.8550540772522556 -0.8387939966115744 2
43 1.847300131971652 0.858454177185769 -0.8491029426570389 2
44 1.6970275375399164 0.8615776886919375 -0.8587939033978413 2
45 1.6555737457288724 0.8646249012619768 -0.8684612136067857 2
46 1.5809023105084716 0.8675346752330932 -0.8778977914119921 2
47 1.5601372793098152 0.8704062295451646 -0.8874158744076637 2
48 1.4047552499797078 0.8729917911165594 -0.8961682085120101 2
49 1.2901586676881949 0.8753664287427402 -0.904364960501925 2
50 1.228679143575826 0.877627908511013 -0.9123176172749714 2
51 1.1792857451761343 0.8797984758781506 -0.9200900255652888 2
52 1.1746568928559518 0.8819605234816648 -0.9279727251776906 2
53 1.1143360001757132 0.8840115457787645 -0.9355852393727778 2
54 1.0859990957341559 0.8860104117937094 -0.9431348152517558 2
55 1.064267679339286 0.8879692794423031 -0.9506628707292667 2
56 1.0562004789498973 0.8899132987795515 -0.9582651418403706 2
57 1.0303121954693122 0.8918096687124516 -0.9658115493596677 2
58 1.0281071395501222 0.8937019800679962 -0.9734748252284783 2
59 0.9682334044480879 0.8954840891455156 -0.98081759021981 2
60 0.9485588146854316 0.8972299856064785 -0.9881335826468741 2
61 0.9379992700458405 0.8989564464021665 -0.9954913884939828 2
62 0.9122616051602953 0.9006355350187747 -1.0027689015360557 2
63 0.9032221827818453 0.9022979858736592 -1.010096483211223 2
64 0.8511527622303371 0.903864598899979 -1.017116657375414 2
65 0.8237435498870775 0.9053807631337865 -1.0240205589943752 2
66 0.7801311727297927 0.9068166553868224 -1.030661705553619 2
67 0.7710519551316433 0.9082358366319299 -1.0373268905867286 2
68 0.7658726018625319 0.9096454848734926 -1.044050140330141 2
69 0.7351577665263491 0.9109986000656733 -1.0506031621306886 2
70 0.704311406957408 0.9122949401278659 -1.0569753506344441 2
71 0.6927740048090665 0.9135700447017919 -1.0633357116180733 2
72 0.6909334986680981 0.9148417616806546 -1.069773331452842 2
73 0.6476248085807116 0.9160337656384774 -1.0758953232067245 2
74 0.629578465444046 0.9171925538946192 -1.0819306093856358 2
75 0.600593373235654 0.9182979928284797 -1.0877672740329718 2
76 0.6005933732356536 0.9194034317623402 -1.0936834498472325 2
77 0.5983628470503897 0.9205047652388346 -1.0996589037832385 2
78 0.5943412779119825 0.9215986967037537 -1.105676717804548 2
79 0.5702766178555797 0.9226483352854311 -1.1115303352474653 2
80 0.5682131717672232 0.9236941759336885 -1.1174423131154765 2
81 0.5493998588390435 0.92470538921256 -1.1232361073190265 2
82 0.5469283661015055 0.925712053516337 -1.129081646539443 2
83 0.5469283661015055 0.926718717820114 -1.1350069405577574 2
84 0.517670041844482 0.9276715298967193 -1.1406907210321526 2
85 0.4880888965962258 0.9285698955689473 -1.1461187149350018 2
86 0.4642862808703729 0.9294244506709565 -1.1513457328106018 2
87 0.4585077513479697 0.9302683699388069 -1.1565701825176267 2
88 0.43151809262576935 0.9310626126352987 -1.1615451797994678 2
89 0.4289266060997136 0.9318520854987717 -1.166547430136969 2
90 0.40816599973844014 0.9326033468474578 -1.1713616695399351 2
91 0.40101340255196194 0.9333414432833087 -1.1761440938672463 2
92 0.3993454608514575 0.9340764697424042 -1.1809595438725071 2
93 0.3942824313183101 0.9348021773008615 -1.1857669074205113 2
94 0.39103345718636645 0.9355219048690947 -1.1905878013263604 2
95 0.3889032614688229 0.9362377116460108 -1.195436105010996 2
96 0.3812361284244198 0.9369394064667248 -1.2002419459412197 2
97 0.3697643156032014 0.9376199865214428 -1.2049545357401068 2
98 0.36224255608516803 0.9382867221912695 -1.2096213860691776 2
99 0.35719945178734125 0.9389441756344071 -1.2142729006104251 2
100 0.3523030200817468 0.9395926168131981 -1.2189099772509555 2
101 0.3401831703549459 0.9402187504635388 -1.2234350116600927 2
102 0.32785139126535295 0.940822186512912 -1.2278410852726303 2
103 0.3102204767604116 0.9413931714893932 -1.232051779686627 2
104 0.30100455059116554 0.9419471938351611 -1.2361767824292924 2
105 0.298197873191545 0.9424960502723283 -1.2403023242491307 2
106 0.2933150536485278 0.9430359194993956 -1.244398908496504 2
107 0.2679436676306128 0.943529090712199 -1.248175219249218 2
108 0.26631535527528943 0.9440192648891468 -1.2519614028957409 2
109 0.26582629537775343 0.9445085389132197 -1.2557738400881147 2
110 0.2617843740188148 0.9449903734658683 -1.2595613035089939 2
111 0.2614862904644032 0.9454716593724923 -1.2633777182912094 2
112 0.2614320028006823 0.9459528453584384 -1.267227164911339 2
113 0.25877175607230224 0.9464291349528517 -1.2710713407062926 2
114 0.2533421135399594 0.9468954308668156 -1.27486811048238 2
115 0.24921215191664384 0.9473541252643839 -1.2786356539134318 2
116 0.24620120926833625 0.947807277787234 -1.2823900510818598 2
117 0.24354130254064713 0.9482555345443492 -1.2861360951582101 2
118 0.24343348305603507 0.9487035928512959 -1.2899130522397482 2
119 0.23738585609530605 0.9491405200292663 -1.2936280847225474 2
120 0.23259800845553424 0.94956863480033 -1.2972992751353685 2
121 0.2289488581287393 0.94999003302568 -1.3009434322524784 2
122 0.22610843112448153 0.9504062032236504 -1.304572641942859 2
123 0.2250392344704484 0.9508204054818097 -1.3082150563056876 2
124 0.21598386499442465 0.9512179406263689 -1.31173986954657 2
125 0.2141779640559174 0.9516121518694381 -1.3152636910925057 2
126 0.20946050526401144 0.9519976802617638 -1.3187377745999902 2
127 0.20796857194688828 0.9523804626344878 -1.322214828178959 2
128 0.2014727198948941 0.9527512888850052 -1.325610033996627 2
129 0.19940706998309551 0.953118313145794 -1.328996770319881 2
130 0.19936972153331506 0.9534852686638484 -1.3324094831357534 2
131 0.19474515117718386 0.9538437122995683 -1.3357691282763058 2
132 0.19437091475868754 0.9542014671239794 -1.3391484340933784 2
133 0.1940951385767566 0.9545587143608241 -1.3425493899268504 2
134 0.18756782638084943 0.9549039475706147 -1.3458614732699268 2
135 0.18740326303854346 0.9552488778887419 -1.349196070501864 2
136 0.18463617591027362 0.95558871516725 -1.3525066623655735 2
137 0.1827555780722055 0.9559250910587999 -1.3558085762804875 2
138 0.18097838478923706 0.9562581958875385 -1.3591033086342605 2
139 0.17982462310520173 0.9565891771279348 -1.3624019818321094 2
140 0.17928493587965239 0.956919165031911 -1.3657158880453761 2
141 0.16986528183745175 0.9572318153281384 -1.3688791833116938 2
142 0.16614143461109623 0.9575376115931838 -1.371995581467047 2
143 0.16437261530992153 0.9578401522083845 -1.3751009657125117 2
144 0.16437261530992153 0.958142692823585 -1.3782287147465242 2
145 0.16343818344374256 0.9584435135440746 -1.381361178566945 2
146 0.16295989535036975 0.9587434539380347 -1.3845071333434191 2
147 0.16200610564080067 0.9590416388076641 -1.3876574284815386 2
148 0.16140469742773922 0.9593387167385832 -1.390818919240584 2
149 0.16008844438700431 0.9596333720031479 -1.3939775276153006 2
150 0.1574879885408233 0.9599232409259608 -1.3971074062319033 2
151 0.15509438776462986 0.9602087042399077 -1.4002119182978103 2
152 0.15346753952836714 0.9604911732128242 -1.403305866482073 2
153 0.1448214809633887 0.9607577284407878 -1.4062458612034585 2
154 0.14467780352126436 0.9610240192192162 -1.4092029475355774 2
155 0.14340057591746347 0.9612879591606497 -1.4121539327392978 2
156 0.14272928401890042 0.961550663537001 -1.4151111506075336 2
157 0.14197193513499443 0.9618119739536781 -1.41807278989445 2
158 0.1419719351349943 0.9620732843703552 -1.4210547646180867 2
159 0.14032349369180824 0.9623315607020214 -1.4240223733809427 2
160 0.1397007260817738 0.9625886907813417 -1.426997093285626 2
161 0.1395416852720887 0.9628455281336509 -1.4299889076100074 2
162 0.1380211584654858 0.9630995668378115 -1.432968535769284 2
163 0.13689090002794158 0.9633515252131877 -1.4359440948415283 2
164 0.13617542239841027 0.9636021666961982 -1.4389244683347306 2
165 0.13377837509557788 0.9638483962267415 -1.4418724315803289 2
166 0.12792345870513164 0.9640838493271394 -1.444710215187285 2
167 0.12752936383343186 0.964318577065197 -1.4475578347776725 2
168 0.12748313381561455 0.964553219713302 -1.4504232066649494 2
169 0.12350554696675449 0.9647805413026649 -1.4532173231718921 2
170 0.12350554696675438 0.965007862892028 -1.4560295326283688 2
171 0.12328350065728017 0.9652347757878444 -1.4588549653639995 2
172 0.12327815441999856 0.9654616788434947 -1.4616987765017917 2
173 0.12106716764210924 0.9656845124055814 -1.4645098257676 2
174 0.11909787816946182 0.9659037213368411 -1.4672930181995099 2
175 0.11888330526845342 0.9661225353299456 -1.4700890989613309 2
176 0.11112592030425886 0.9663270712511524 -1.4727191086149565 2
177 0.11049006519295101 0.9665304368314468 -1.4753499558443408 2
178 0.11023724670347498 0.9667333370795983 -1.4779907623395747 2
179 0.1090277455523085 0.9669340111465716 -1.4806184849918826 2
180 0.10749114843193941 0.9671318569867313 -1.483224832026444 2
181 0.10490040725399155 0.9673249343657433 -1.4857835313811785 2
182 0.10444876331880343 0.9675171804588765 -1.4883462806006431 2
183 0.10159118813849671 0.9677041669620748 -1.4908535087951418 2
184 0.09956700568413131 0.9678874277996331 -1.4933249062776197 2
185 0.09956700568413131 0.9680706886371916 -1.4958104480298453 2
186 0.0994176271299087 0.9682536745318734 -1.4983065356088112 2
187 0.09347341339932168 0.9684257196376921 -1.5006665390541911 2
188 0.09315364093483278 0.9685971761773563 -1.5030312972945818 2
189 0.09136818762720576 0.9687653464509897 -1.505363306832975 2
190 0.09053620126018737 0.9689319853888415 -1.5076864992705605 2
191 0.08995062398105812 0.9690975465260515 -1.510007038766176 2
192 0.08989181705011665 0.9692629994245198 -1.5123385147501816 2
193 0.08970300171115321 0.9694281047936342 -1.5146776377490765 2
194 0.0894026900555498 0.9695926574157299 -1.517021532878453 2
195 0.08708445400494107 0.9697529431436132 -1.519316877316135 2
196 0.08599802616707453 0.9699112292163484 -1.5215955541270367 2
197 0.08599802616707453 0.9700695152890836 -1.5238862498964685 2
198 0.08379906080708402 0.9702237539946125 -1.5261300561443607 2
199 0.08250106168889154 0.9703756036315546 -1.5283504901472102 2
200 0.08090263534510528 0.9705245112401762 -1.5305389847423037 2
201 0.08073486790335205 0.9706731100597396 -1.5327339906641575 2
202 0.08042621477918335 0.9708211407791613 -1.5349316913246593 2
203 0.07987175521868616 0.9709681509725286 -1.5371253032363574 2
204 0.07944716524697769 0.9711143796749462 -1.5393183014528407 2
205 0.07872032984907892 0.9712592705801399 -1.541502213967962 2
206 0.077917669372842 0.9714026841261408 -1.5436747275659213 2
207 0.07769216380181442 0.971545682611555 -1.5458518285405463 2
208 0.07612050226617115 0.9716857883313645 -1.5479955256047357 2
209 0.07569526096864315 0.9718251113614085 -1.550137791829887 2
210 0.07551616847967585 0.971964104757762 -1.5522855714521884 2
211 0.07541091850790883 0.9721029044333356 -1.554441009809952 2
212 0.07437608549506594 0.9722397994180596 -1.5565774002015065 2
213 0.07364159889107383 0.9723753425229184 -1.5587030981660397 2
214 0.07333427705679248 0.9725103199779781 -1.560830315284905 2
215 0.07163638525307284 0.9726421723307822 -1.5629183904580204 2
216 0.07135605028386008 0.9727735087052171 -1.5650083230191145 2
217 0.0710548160097847 0.9729042906344819 -1.5670994746756746 2
218 0.07096430715810295 0.9730349059751482 -1.5691980610274743 2
219 0.0704289757043886 0.973164535996532 -1.5712908910643473 2
220 0.0688408922604318 0.9732912430265087 -1.5733463235890905 2
221 0.06875088474074295 0.9734177843906273 -1.5754088237385457 2
222 0.06856286793306875 0.9735439796951508 -1.5774754847756143 2
223 0.06623335334756275 0.9736658873464392 -1.5794813109178414 2
224 0.06579550822141664 0.9737869891096326 -1.5814830920647882 2
225 0.06461068000417221 0.9739059101041069 -1.58345784577477 2
226 0.06416749242469341 0.974024015377284 -1.585427981475971 2
227 0.06393000566366525 0.9741416835375599 -1.5873997538126658 2
228 0.0637573297390425 0.9742590338743324 -1.5893751569198946 2
229 0.062255593054903864 0.974373620147642 -1.5913127407213203 2
230 0.061927385397812694 0.9744876023291671 -1.5932487242095028 2
231 0.06163165636373555 0.974601040198346 -1.595184069271883 2
232 0.06163165636373554 0.9747144780675249 -1.5971280774257643 2
233 0.061502399537022565 0.9748276780294354 -1.5990767219767812 2
234 0.06137147426017267 0.9749406370131654 -1.6010299730393487 2
235 0.061241689216845 0.9750533571174032 -1.602987889946816 2
236 0.06083092339605803 0.975165321175119 -1.6049414521569338 2
237 0.05998623024116073 0.9752757305092196 -1.6068765313105546 2
238 0.05971635417495194 0.9753856431153769 -1.6088115068385394 2
239 0.05958410010864401 0.975495312297613 -1.610750827939937 2
240 0.058813803533771865 0.9756035636889402 -1.6126736082299276 2
241 0.05880827063082325 0.9757118048965281 -1.6146047571473883 2
242 0.058405406017058285 0.9758193046003816 -1.6165312136541423 2
243 0.057860862448854175 0.9759258020293377 -1.6184481724367683 2
244 0.05711661578560735 0.9760309296142786 -1.6203488092780043 2
245 0.05711661578560735 0.9761360571992195 -1.6222578006003667 2
246 0.05684463652137427 0.9762406841851172 -1.6241660696714515 2
247 0.05682890430241345 0.9763452822146396 -1.6260822289720764 2
248 0.056771445726482364 0.9764497744871724 -1.6280049297874122 2
249 0.05649380652353426 0.9765537557431039 -1.6299267149590244 2
250 0.05649380652353425 0.9766577369990351 -1.6318570419843483 2
251 0.055068488537612405 0.9767590948460764 -1.6337469616647022 2
252 0.05323250167332695 0.9768570734161351 -1.6355817223567584 2
253 0.05204049191594228 0.9769528579992905 -1.6373829223471033 2
254 0.05079866548692049 0.9770463569040733 -1.6391483754472638 2
255 0.050793886607317866 0.9771398470129558 -1.6409208675012448 2
256 0.05078078273137443 0.9772333130031328 -1.642700163221586 2
257 0.050231031300561696 0.9773257671329351 -1.6444673974205206 2
258 0.050113916910177206 0.9774180057045702 -1.6462377066424654 2
259 0.04985832163309426 0.9775097738331682 -1.6480061771782775 2
260 0.04935680473726366 0.9776006188808143 -1.6497639807834992 2
261 0.049275159479379674 0.9776913136539971 -1.6515260025301086 2
262 0.0490978563172971 0.9777816820868849 -1.6532888233746446 2
263 0.049055133310394114 0.9778719718847475 -1.6550572854320142 2
264 0.04688076098048836 0.9779582595807933 -1.656754116507381 2
265 0.04611398775843388 0.9780431359709358 -1.6584296875428393 2
266 0.045497485539840635 0.9781268776406741 -1.6600892175734334 2
267 0.04535255498982305 0.9782103525544342 -1.6617497965405283 2
268 0.04504930064981038 0.9782932693049358 -1.6634055817971138 2
269 0.04471379859201389 0.9783755685377398 -1.6650553019463368 2
270 0.04412729260232704 0.9784567882605376 -1.66668955002844 2
271 0.04399490636730077 0.9785377643161474 -1.6683250403109862 2
272 0.0436476050507995 0.9786181011366039 -1.6699537290020923 2
273 0.043385552417725445 0.9786979556287558 -1.6715787150333408 2
274 0.04330297695753128 0.9787776581343346 -1.67320669379858 2
275 0.04328439836232703 0.9788573264445602 -1.6748400956965925 2
276 0.043116821402925845 0.9789366863163256 -1.6764733045024895 2
277 0.042802323925538344 0.9790154673309615 -1.6781006981950568 2
278 0.042786763677607864 0.9790942197057476 -1.679733618060287 2
279 0.042559946692961904 0.9791725546061877 -1.6813639955063235 2
280 0.04247505489839264 0.9792507332566607 -1.6829972461783131 2
281 0.041992462122005095 0.979328023657499 -1.6846180007016107 2
282 0.04160134046375979 0.9794045941684284 -1.6862296458694663 2
283 0.04148091171774073 0.9794809430208604 -1.6878426025352182 2
284 0.04143724345099646 0.9795572114984425 -1.6894598644942718 2
285 0.04129643234302847 0.9796332208022009 -1.6910776448937288 2
286 0.04092138116839009 0.9797085397950283 -1.6926866993371026 2
287 0.04049185653249948 0.9797830682142717 -1.6942847542660961 2
288 0.04048415347459986 0.9798575824554364 -1.6958884055175658 2
289 0.040414449121110654 0.9799319684003035 -1.6974952237912357 2
290 0.04024236664273079 0.9800060376139511 -1.6991011292501965 2
291 0.03993431276576734 0.9800795398304181 -1.7007006334423471 2
292 0.03990080914697491 0.9801529803808625 -1.7023047009987722 2
293 0.03929709370194411 0.9802253097459562 -1.7038903104605325 2
294 0.039177899415473005 0.9802974197246719 -1.7054768943482537 2
295 0.03896691706818068 0.9803691413739262 -1.7070607045563473 2
296 0.03890700076175236 0.9804407527425465 -1.7086478631590922 2
297 0.03834954186764785 0.9805113380646053 -1.7102179779179514 2
298 0.038113630492574824 0.9805814891733835 -1.7117840784744156 2
299 0.03769931470267193 0.9806508777016446 -1.71333873036736 2
300 0.03753082007340004 0.9807199561024025 -1.71489198161251 2
301 0.037367911882535736 0.9807887346579324 -1.716444029569333 2
302 0.03732656339555717 0.980857437108348 -1.7179999173852565 2
303 0.03724086618626576 0.9809259818263678 -1.719557807907706 2
304 0.0371812931914218 0.9809944168956454 -1.7211188014032202 2
305 0.03708186185392682 0.9810626689537933 -1.7226812287953341 2
306 0.03695803033457427 0.9811306930903745 -1.724244051655586 2
307 0.0367718101325849 0.9811983744741534 -1.7258046014604072 2
308 0.03665170314736221 0.9812658347916609 -1.7273656542376086 2
309 0.03661835365811987 0.981333233726833 -1.7289309102971386 2
310 0.03645292241862064 0.9814003281729098 -1.7304947184133292 2
311 0.03553546934755142 0.981465733975072 -1.7320246077803663 2
312 0.035095851850090905 0.9815303306269516 -1.7335408788286188 2
313 0.03490677287284438 0.9815945792642302 -1.7350542504186361 2
314 0.034870912180181034 0.9816587618971082 -1.7365713511575414 2
315 0.03480845111300549 0.9817228295655216 -1.738091038351102 2
316 0.03475814177384804 0.9817868046356731 -1.7396138539110362 2
317 0.034752317644139434 0.9818507689860603 -1.7411417713704387 2
318 0.03473643666345485 0.9819147041062638 -1.742674381347171 2
319 0.03449345712234068 0.9819781920036762 -1.7442016415790103 2
320 0.03446280668753379 0.9820416234865733 -1.7457329273084394 2
321 0.03432970655448738 0.9821048099882971 -1.7472636858967223 2
322 0.03423582322688939 0.9821678236904363 -1.7487956505679665 2
323 0.03422941094208629 0.9822308255902652 -1.7503327498888914 2
324 0.033973311787560107 0.9822933561196312 -1.7518637472435377 2
325 0.033948137261732944 0.9823558403133196 -1.753399020337616 2
326 0.0338427264202552 0.9824181304901347 -1.7549349475415112 2
327 0.033842726420255195 0.9824804206669501 -1.7564763259949052 2
328 0.03383874001184145 0.9825427035064699 -1.7580230119965006 2
329 0.03382116302224316 0.9826049539941696 -1.7595744183074895 2
330 0.03340520911705317 0.9826664388862736 -1.7611122039819123 2
331 0.033327946377367926 0.9827277815702808 -1.762651878419201 2
332 0.03307641475371566 0.9827886612907218 -1.7641853486473855 2
333 0.032871944357714684 0.9828491646674555 -1.7657147227652426 2
334 0.032871944357714684 0.9829096680441893 -1.7672495016340506 2
335 0.032275417361430324 0.9829690734664732 -1.7687617244712093 2
336 0.0321780718927217 0.9830282997168316 -1.7702746463913652 2
337 0.032114231043016826 0.983087408463128 -1.7717898398340366 2
338 0.032041059450854885 0.9831463825314037 -1.7733068676096964 2
339 0.03169983632119388 0.9832047285519029 -1.7748129726226725 2
340 0.03161900236214562 0.9832629257911973 -1.7763204582917849 2
341 0.031424933119500405 0.9833207658309185 -1.77782389397271 2
342 0.031155826653126342 0.9833781105592053 -1.7793196106920293 2
343 0.030817956612448457 0.9834348334113371 -1.7808041922496782 2
344 0.03071498133204415 0.983491366729436 -1.7822888799547612 2
345 0.03003852732792217 0.9835466549811949 -1.7837457952503453 2
346 0.030002559267590975 0.983601877030934 -1.7852058611492996 2
347 0.02985549040926124 0.983656828388972 -1.7866636589720943 2
348 0.029792692949012607 0.9837116641633878 -1.7881232848686381 2
349 0.029752412347222396 0.9837664257982152 -1.7895858495380907 2
350 0.029603826141304017 0.9838209139485448 -1.7910460151106753 2
351 0.02950615490966576 0.983875222327357 -1.7925062646747087 2
352 0.02932168921318928 0.9839291911826711 -1.7939622653609009 2
353 0.029230643748465186 0.9839829924617084 -1.7954186200247464 2
354 0.029230643748465165 0.9840367937407455 -1.7968798748366424 2
355 0.029212019007731557 0.9840905607394953 -1.7983451271013864 2
356 0.02916384941549837 0.9841442390783544 -1.7998129112438168 2
357 0.02902391319845961 0.9841976598536948 -1.8012785942246068 2
358 0.02897915145352867 0.9842509982415535 -1.8027469685116853 2
359 0.028924041244874382 0.984304235194776 -1.8042175176449788 2
360 0.028787616656776236 0.9843572210479066 -1.8056860916629105 2
361 0.028786017867689473 0.9844102039583411 -1.807159566566226 2
362 0.028744547601950565 0.984463110539518 -1.8086359241043344 2
363 0.0285722623509739 0.9845157000162568 -1.8101084235050884 2
364 0.02852450911840512 0.9845682015994475 -1.811583458906129 2
365 0.02763951897250184 0.984619074289269 -1.8130175254602166 2
366 0.027463765243589903 0.9846696234906479 -1.8144471788751726 2
367 0.027341367505795286 0.984719947409447 -1.8158751510124456 2
368 0.027309968536594887 0.9847702135359948 -1.8173061858402124 2
369 0.02676694160341818 0.9848194801791305 -1.818713356802202 2
370 0.02652914738336178 0.9848683091434624 -1.8201125400115483 2
371 0.026311492586008508 0.9849167374971682 -1.8215047106061668 2
372 0.026309610100516377 0.9849651623860131 -1.8229012582006607 2
373 0.025944880449274642 0.9850129159614952 -1.8242828574236347 2
374 0.02587009284175556 0.9850605318845546 -1.8256648642769127 2
375 0.025788195575983375 0.9851079970693103 -1.8270468869861296 2
376 0.02565882181313096 0.9851552241315676 -1.8284263551469446 2
377 0.025643352591391066 0.9852024227215165 -1.829809383301956 2
378 0.025485059679921714 0.9852493299610189 -1.8311882517113807 2
379 0.025279792981243443 0.985295859391157 -1.8325603529824044 2
380 0.025175118139957462 0.9853421961590879 -1.8339310945803933 2
381 0.025169000529208604 0.9853885216670791 -1.83530584160508 2
382 0.025068537810912946 0.9854346622656041 -1.836679440697559 2
383 0.02494022150330983 0.9854805666879594 -1.8380503336535854 2
384 0.02486412654345313 0.9855263310516077 -1.8394213650753573 2
385 0.02482724412417717 0.9855720275302877 -1.840794695038416 2
386 0.024448549052555668 0.9856170269911599 -1.8421513345455562 2
387 0.024406154745126887 0.9856619484220037 -1.843509861668013 2
388 0.024403711520192686 0.9857068653559017 -1.8448725151318335 2
389 0.024334815899108447 0.9857516554820369 -1.8462355923908702 2
390 0.024334815899108433 0.9857964456081721 -1.847602961279318 2
391 0.024291045984735537 0.9858411551723669 -1.8489721778220576 2
392 0.02429104598473551 0.985885864736562 -1.8503457248016142 2
393 0.024182211078728873 0.9859303739816261 -1.8517174462976724 2
394 0.024091875604107242 0.9859747169572054 -1.85308836553109 2
395 0.024010643115807053 0.9860189104180561 -1.854458981595594 2
396 0.023976276120466634 0.9860630406237721 -1.8558319658481084 2
397 0.02388982439429746 0.9861070117083451 -1.8572043302888792 2
398 0.023636880421200303 0.9861505172298128 -1.858566445678819 2
399 0.02361528924216437 0.9861939830110318 -1.859931596527127 2
400 0.023379701078172346 0.9862370151738653 -1.861287368938898 2
401 0.02318811794296632 0.986279694713 -1.8626362251464377 2
402 0.02311914603243094 0.9863222473039557 -1.8639852528996887 2
403 0.023108902529127957 0.9863647810409445 -1.8653378836155636 2
404 0.02298288168249131 0.986407082826739 -1.8666873294121407 2
405 0.0229828816824913 0.9864493846125332 -1.8680409812978909 2
406 0.022920025484433004 0.986491570706594 -1.8693951460826121 2
407 0.022725765552141897 0.9865333992501021 -1.8707420154030423 2
408 0.0225916163381618 0.986574980881522 -1.8720850871521606 2
409 0.02244645414679992 0.9866162953306098 -1.8734236552696073 2
410 0.02243159249238161 0.9866575824256637 -1.8747654714639654 2
411 0.022353066310135988 0.9866987249871564 -1.8761067271154594 2
412 0.022344519711759502 0.9867398518179682 -1.877451622667358 2
413 0.022293730427802312 0.9867808851671427 -1.8787976247351028 2
414 0.022162040673415793 0.9868216761310559 -1.8801398234870006 2
415 0.022148679595347488 0.9868624425028633 -1.8814853702493668 2
416 0.02214594448919668 0.9869032038404942 -1.8828349318574027 2
417 0.02209754583093063 0.9869438760966212 -1.8841857370906439 2
418 0.021946549652452938 0.9869842704325076 -1.8855314834705434 2
419 0.021932507170760545 0.9870246389221116 -1.8868805477798856 2
420 0.021895275612891563 0.9870649388841304 -1.8882315149781894 2
421 0.0218614428762839 0.9871051765743594 -1.8895846004663275 2
422 0.02176994268153824 0.9871452458513453 -1.8909362249646182 2
423 0.02176925600570025 0.9871853138644507 -1.892292026332511 2
424 0.021683518144175296 0.9872252240703369 -1.8936467086777338 2
425 0.021630947465874174 0.9872650375157903 -1.8950023300819692 2
426 0.021630947465874163 0.987304850961244 -1.8963621962215795 2
427 0.021541371127083188 0.9873444995344612 -1.897720675861378 2
428 0.021280840624974318 0.9873836685809749 -1.8990669110263894 2
429 0.021179640317026686 0.9874226513604311 -1.900410900430004 2
430 0.021077976659709348 0.9874614470199986 -1.9017525806553466 2
431 0.021045937684158005 0.9875001837093337 -1.903096369754838 2
432 0.020980665169825757 0.9875388002595166 -1.9044401426215951 2
433 0.020980665169825743 0.9875774168096992 -1.905788086233257 2
434 0.020859107503010073 0.9876158096235181 -1.907132380399873 2
435 0.020708792104667216 0.9876539257701255 -1.908471116197032 2
436 0.020611184735137986 0.9876918622627585 -1.9098076523182075 2
437 0.020450577921300336 0.9877295031460277 -1.9111378515704898 2
438 0.020429609482272543 0.9877671054352497 -1.9124707674314811 2
439 0.02041085014761078 0.9878046731964536 -1.913806557213704 2
440 0.020369365529376793 0.987842164601983 -1.9151437407193732 2
441 0.02032787742376183 0.9878795796454188 -1.9164823179164887 2
442 0.020279013249257037 0.9879169047505315 -1.9178218010149175 2
443 0.020279013249257027 0.9879542298556442 -1.919165428230881 2
444 0.02026435843899809 0.987991527987436 -1.920512249776851 2
445 0.020169058765589585 0.988028650712748 -1.9218568976317245 2
446 0.02008823449489679 0.9880656246746876 -1.9232003081084004 2
447 0.01995259907839813 0.988102348989067 -1.924538774211601 2
448 0.019775517502853706 0.9881387473709993 -1.925869444096857 2
449 0.019767664295891572 0.9881751312984914 -1.9272036727911561 2
450 0.019478376225695714 0.9882109827687338 -1.9285223975196442 2
451 0.019457536195035048 0.9882467958812745 -1.9298437213592783 2
452 0.019374617774976798 0.988282456375998 -1.93116342094169 2
453 0.01925554353591864 0.9883178977052997 -1.932478995166229 2
454 0.01920215922482606 0.9883532407766142 -1.9337949027236396 2
455 0.019193604290657307 0.9883885681019053 -1.935114220649368 2
456 0.01918538045673023 0.9884238802905889 -1.936436990798154 2
457 0.019089962958844835 0.9884590168559275 -1.937757193272253 2
458 0.019058843111516746 0.9884940961427607 -1.9390792592384625 2
459 0.01905521291457829 0.9885291687479332 -1.9404051091166172 2
460 0.019017320996598207 0.9885641716100764 -1.9417323704414018 2
461 0.01894878355558911 0.9885990483237149 -1.9430588951101428 2
462 0.01893274955406441 0.9886338955255236 -1.9443883563433677 2
463 0.018928639042473695 0.9886687351616151 -1.9457216098478336 2
464 0.0189270790326399 0.988703571926387 -1.9470588585651623 2
465 0.018927079032639894 0.9887384086911589 -1.9484002375646907 2
466 0.01889872914538413 0.9887731932757526 -1.9497437539120894 2
467 0.018811823195438487 0.9888078179031693 -1.9510852324864398 2
468 0.018807552674446577 0.9888424346703589 -1.9524305616042101 2
469 0.018803137520495082 0.9888770433111136 -1.953779753852198 2
470 0.01869192750269734 0.9889114472611589 -1.9551251336120006 2
471 0.018620251704682688 0.9889457192863091 -1.9564695110895982 2
472 0.018355688274756463 0.9889795043618378 -1.957798872990733 2
473 0.018202211279226336 0.989013006950989 -1.9591211502432135 2
474 0.018018901350550016 0.989046172143923 -1.960434088470525 2
475 0.01801571457836007 0.9890793314713544 -1.9617507746885343 2
476 0.0179540565344782 0.9891123773123482 -1.9630669380903705 2
477 0.017802294967170063 0.9891451438243442 -1.964375926473295 2
478 0.017770283554198324 0.9891778514168384 -1.9656865076974503 2
479 0.017750316435417163 0.9892105222582936 -1.9669995765760666 2
480 0.017741060299779787 0.9892431760631096 -1.968315939663664 2
481 0.017608337502540972 0.9892755855812683 -1.9696264121182046 2
482 0.017575144816022768 0.9893079340056992 -1.9709383693251301 2
483 0.017575144816022757 0.9893402824301303 -1.9722543018265202 2
484 0.017557596741993507 0.9893725985559627 -1.973572913884644 2
485 0.017502734116806726 0.9894048137028556 -1.9748914026048625 2
486 0.017441999217049132 0.9894369170624298 -1.9762093102709606 2
487 0.017350612322549686 0.9894688522172991 -1.977524292771951 2
488 0.01734413219926815 0.9895007754449959 -1.9788427755890114 2
489 0.01723346128424049 0.9895324949742444 -1.980156821919189 2
490 0.017134077239609587 0.9895640315794094 -1.9814672437519627 2
491 0.017124874722115303 0.9895955512466235 -1.982780924554578 2
492 0.017106304926891847 0.9896270367346814 -1.9840971601067308 2
493 0.017097391640439726 0.9896585058171405 -1.9854167080032428 2
494 0.01703103399817764 0.9896898527631851 -1.9867351326137044 2
495 0.016983941439555013 0.9897211130317034 -1.9880539096303547 2
496 0.016946886363417624 0.9897523050974648 -1.9893738130172576 2
497 0.016807061515344755 0.9897832398046906 -1.9906868001274631 2
498 0.016715845738996947 0.9898140066221678 -1.9919966105053994 2
499 0.016618524385929784 0.9898445943121061 -1.9933027227274704 2
500 0.016617207616430336 0.9898751795784274 -1.9946126708897602 2
501 0.016617207616430336 0.9899057648447487 -1.9959265821624224 2
502 0.016524747502384605 0.9899361799310208 -1.9972371365796495 2
503 0.016523246111798444 0.9899665922538662 -1.9985515381674677 2
504 0.016517421021493225 0.9899969938551789 -1.999869464408702 2
1 98.18947946328085 0.1549729719506555 -0.0731293999911789 3
2 84.8082290533364 0.2888262459888629 -0.148024279454131 3
3 65.78744350261114 0.39265891413584236 -0.21656733840562084 3
4 46.994121994695156 0.46682998408690646 -0.27313428215697994 3
5 26.4171022624179 0.5085242355516192 -0.30849789314383375 3
6 26.242868032554263 0.5499434922148004 -0.3467329540500279 3
7 25.77714500859371 0.5906276957793856 -0.38788154255047186 3
8 24.82648825240972 0.6298114727848718 -0.4315770449142068 3
9 23.98631167731834 0.6676691946822452 -0.47842940004108114 3
10 22.46591431129126 0.7031272654189534 -0.5274296870949051 3
11 20.71746001704244 0.7358257415455185 -0.5781095029812424 3
12 20.33349727056678 0.7679182072495321 -0.6343589294198506 3
13 16.115957303208113 0.7933541074372097 -0.6847732226350831 3
14 14.044263057810731 0.8155202416994821 -0.7340512790477507 3
15 12.346535032381134 0.8350068428885282 -0.7825340672427828 3
16 8.94646777829377 0.84912710004481 -0.8213887619267081 3
17 7.655087554420312 0.8612091650006043 -0.8576392114071387 3
18 4.127840054093932 0.8677241566719789 -0.8785194609315059 3
19 4.048677954649331 0.8741142063853777 -0.9000232778579588 3
20 3.565298509745632 0.8797413357781264 -0.9198836244077923 3
21 3.1162933171562686 0.8846597979134743 -0.9380192920010179 3
22 2.991646551629008 0.8893815294031016 -0.9561723503499419 3
23 2.9162916739687033 0.8939843278929224 -0.9746299290133756 3
24 2.4787928570640387 0.8978966196986135 -0.9909598796374969 3
25 2.2026011705005017 0.9013729967125288 -1.0060041624100664 3
26 2.022918221250595 0.9045657791824427 -1.020295867986477 3
27 1.75170451667103 0.9073305036357322 -1.0330631972552844 3
28 1.7472351702215232 0.91008817409601 -1.0461831827153456 3
29 1.6754444445066192 0.9127325368762456 -1.059147648845569 3
30 1.6754444445066192 0.9153768996564812 -1.0725110674304308 3
31 1.6687300056521777 0.9180106650025522 -1.086242636067371 3
32 1.615489137879663 0.9205604000069509 -1.09996295133605 3
33 1.4895907109471558 0.9229114288618487 -1.1130100040443929 3
34 1.0833566437472602 0.9246212963515403 -1.1227513357529797 3
35 1.056200478949897 0.9262883031234805 -1.1324635910302605 3
36 1.0496221348234722 0.9279449272602814 -1.1423354390648799 3
37 1.0417630853296325 0.9295891474179246 -1.1523603969195104 3
38 1.0376740276145422 0.9312269137942661 -1.1625814861706112 3
39 1.0154503152386471 0.9328296043684595 -1.1728220937127873 3
40 0.9485588146854316 0.9343267197354553 -1.1826112909270825 3
41 0.9122616051602955 0.9357665470257205 -1.1922387311484697 3
42 0.9065797569774242 0.93719740662511 -1.2020224221043738 3
43 0.8485475839845301 0.9385366737405937 -1.211383940385918 3
44 0.7881004440000173 0.9397805368170651 -1.220263120256808 3
45 0.6775073503788922 0.9408498502321126 -1.2280441514031735 3
46 0.6399882889175051 0.9418599471150912 -1.2355245775257975 3
47 0.6184981038301894 0.9428361259259003 -1.242878346151354 3
48 0.5926547596327523 0.9437715160506166 -1.2500436259213843 3
49 0.5682131717672232 0.9446683298886327 -1.2570262209984904 3
50 0.5304140998242223 0.9455054852525638 -1.2636472102886707 3
51 0.5212690291375979 0.9463282069033238 -1.2702538953225468 3
52 0.5118878405224722 0.9471361221747439 -1.2768409824010574 3
53 0.5104621507636141 0.9479417872725178 -1.283510746252068 3
54 0.4980872129370062 0.9487279209408231 -1.290119071761449 3
55 0.4938338170777242 0.9495073414520694 -1.2967717621565695 3
56 0.49301411606849743 0.9502854682249008 -1.3035166465328385 3
57 0.4581293303203018 0.9510085361568786 -1.3098795838240922 3
58 0.4572535343312261 0.95173022181544 -1.316324696902106 3
59 0.45023054876305524 0.9524408230589354 -1.3227656698869652 3
60 0.4265342040913155 0.9531140242369839 -1.3289570412836884 3
61 0.42067325158472807 0.9537779750428603 -1.335151032278632 3
62 0.3949390778623291 0.9544013094669791 -1.3410476288804956 3
63 0.3887810428541647 0.955014924632051 -1.3469315475676533 3
64 0.38489893032387956 0.9556224126384949 -1.3528363123804177 3
65 0.38409296883822996 0.9562286285916864 -1.3588098462191325 3
66 0.3633439516333428 0.9568020962618758 -1.3645373276539372 3
67 0.3627943382814428 0.9573746964744207 -1.370332515471238 3
68 0.35230302008174674 0.9579307381842628 -1.3760351084290365 3
69 0.34830310111149837 0.958480466800953 -1.3817475378719701 3
70 0.34751268609173186 0.9590289479014595 -1.3875228836249918 3
71 0.34646202545930566 0.9595757707387631 -1.393358251713034 3
72 0.3435512243065456 0.9601179994432955 -1.3992230647799893 3
73 0.3378921886554393 0.9606512964620908 -1.4050695722148927 3
74 0.3365659171832138 0.961182500219645 -1.4109724407808248 3
75 0.33174882540435646 0.9617061011359049 -1.4168704140398676 3
76 0.3278513912653532 0.9622235507113611 -1.4227788650171402 3
77 0.3274324387294911 0.9627403390518262 -1.4287611013723354 3
78 0.3250866513083512 0.9632534250236647 -1.434783133809631 3
79 0.3159013277728086 0.9637520137510489 -1.440716115582948 3
80 0.3109324033452343 0.9642427599988705 -1.4466360105287657 3
81 0.30015369917537016 0.9647164941612009 -1.45242826903909 3
82 0.2992462224471179 0.9651887960482373 -1.4582809563030383 3
83 0.29184428196851714 0.9656494154136794 -1.4640658676159914 3
84 0.2906987546124476 0.9661082267872696 -1.469905708342969 3
85 0.28376701363303114 0.9665560977576082 -1.475683054694036 3
86 0.273638558107012 0.9669879829333109 -1.4813279390392764 3
87 0.2685585729463843 0.9674118503417116 -1.4869402978965742 3
88 0.25998690636675825 0.9678221890436596 -1.4924435041126507 3
89 0.2512561486679776 0.9682187479448047 -1.4978289973126788 3
90 0.24354130254064707 0.9686031304637238 -1.503113651636857 3
91 0.2353557361315082 0.9689745936601202 -1.5082825218352935 3
92 0.22734099833502452 0.9693334071536919 -1.5133344728027904 3
93 0.21701499105371658 0.9696759230556529 -1.518212410051753 3
94 0.19635899452161829 0.9699858374896289 -1.522673770322395 3
95 0.1940951385767567 0.9702921788678582 -1.5271291995927696 3
96 0.19205209329215261 0.9705952956969679 -1.5315831835534646 3
97 0.1891249221432382 0.9708937925564551 -1.5360143797087085 3
98 0.1856226087702153 0.9711867616963222 -1.5404079288634942 3
99 0.17694692359464353 0.9714660379566393 -1.5446379208034626 3
100 0.17694692359464353 0.9717453142169564 -1.5489095180758363 3
101 0.1751156686511465 0.972021700197963 -1.5531786804456318 3
102 0.17424108729164153 0.9722967058226093 -1.557468586242357 3
103 0.17227574279628444 0.9725686095337002 -1.5617521779391732 3
104 0.170951231521658 0.972838422761679 -1.5660450147298661 3
105 0.1702922943174863 0.9731071959856021 -1.5703639131172764 3
106 0.16164493171594047 0.9733623210316427 -1.5745036194097388 3
107 0.16110641515905477 0.9736165961341688 -1.578669174491585 3
108 0.16095512168842002 0.9738706324494144 -1.5828711020451527 3
109 0.1572709435489527 0.9741188540069223 -1.5870164974217702 3
110 0.15286113824207226 0.9743601155455172 -1.5910839362863551 3
111 0.15283261820437313 0.9746013320707864 -1.5951890600006207 3
112 0.15283261820437313 0.9748425485960558 -1.5993333575537345 3
113 0.1520531382016308 0.9750825348639364 -1.6034961407213109 3
114 0.15077566356535196 0.9753205048868785 -1.6076637292347513 3
115 0.14709716166696304 0.9755526691109241 -1.611768549359261 3
116 0.14708488100190398 0.9757848139523314 -1.6159121898771798 3
117 0.14656264838091715 0.9760161345512459 -1.6200808209128883 3
118 0.14388541670499178 0.976243229661323 -1.624212600703805 3
119 0.1337783750955779 0.9764543727744612 -1.628089736014966 3
120 0.13308790817487134 0.9766644261200262 -1.6319815142628098 3
121 0.1320292407725349 0.9768728085652613 -1.6358771047328347 3
122 0.1318456638988581 0.9770809012701509 -1.6398024645558331 3
123 0.13133135488008052 0.9772881822384106 -1.6437481052239065 3
124 0.1313313548800805 0.9774954632066704 -1.6477299216355759 3
125 0.13022797433304464 0.9777010027036086 -1.6517146651327703 3
126 0.12748313381561457 0.9779022100043191 -1.6556511580195812 3
127 0.12658910834944048 0.9781020062599336 -1.6595956727183807 3
128 0.1252357814908675 0.9782996665526482 -1.6635335927306285 3
129 0.12427672948317268 0.9784958131685341 -1.6674769753969987 3
130 0.12056191592941083 0.9786860966746466 -1.6713370084074362 3
131 0.12034269337879681 0.9788760341806544 -1.675224543914162 3
132 0.12009281951746713 0.9790655773094324 -1.6791390111643398 3
133 0.11907865468277962 0.979253519776517 -1.6830555736112471 3
134 0.11796840762912265 0.9794397099348365 -1.686970762594502 3
135 0.11343353368850538 0.9796187426777604 -1.6907690278238316 3
136 0.11186184925713943 0.9797952948228784 -1.6945474823103406 3
137 0.11170951426266529 0.9799716065368734 -1.6983538853584985 3
138 0.11155475800512361 0.9801476739982531 -1.7021886017198635 3
139 0.10923282194733362 0.9803200767357385 -1.7059765992976026 3
140 0.10506940119068806 0.9804859083243426 -1.7096516590601893 3
141 0.10490040725399156 0.9806514731889272 -1.7133520963907152 3
142 0.10398101070577549 0.9808155869651036 -1.7170514839092523 3
143 0.10372658456863586 0.9809792991791693 -1.7207734854526333 3
144 0.1031321330296629 0.981142073167244 -1.7245060536232737 3
145 0.09434658615657601 0.9812909808804736 -1.7279489811875304 3
146 0.09328726820033639 0.9814382166666005 -1.7313803010347886 3
147 0.09302488394142407 0.9815850383302713 -1.7348291807809746 3
148 0.09068575835161898 0.981728168139719 -1.7382179098488757 3
149 0.08995062398105812 0.9818701376827226 -1.7416054940332126 3
150 0.08926879337737495 0.9820110310888976 -1.744993728764049 3
151 0.0890772983882621 0.9821516222575241 -1.74840125123291 3
152 0.08884817040605571 0.9822918517922508 -1.7518268518649587 3
153 0.08518328925414291 0.9824262970257771 -1.7551367181957174 3
154 0.08501789845464279 0.9825604812221341 -1.7584655030617564 3
155 0.08478539535416794 0.9826942984576249 -1.7618107904867717 3
156 0.08082838850986229 0.9828218703283979 -1.7650241232475277 3
157 0.0793500385576666 0.9829471089116646 -1.7682019816409216 3
158 0.07919742534731794 0.9830721066246986 -1.7713970851520007 3
159 0.07850499569830366 0.9831960114723753 -1.7745876236343436 3
160 0.0783271141490848 0.983319635568667 -1.7777944651618285 3
161 0.07769216380181443 0.9834422575194856 -1.7809988761917916 3
162 0.07710325299050536 0.9835639499892727 -1.7842025459603077 3
163 0.07462750271134883 0.9836817349693708 -1.7873260176212675 3
164 0.07368217866069042 0.9837980279395471 -1.7904321210840435 3
165 0.07357452087607362 0.9839141509928756 -1.7935560122019492 3
166 0.073431669514767 0.9840300485831491 -1.7966964050528555 3
167 0.07323085190876213 0.9841456292219387 -1.7998509894009083 3
168 0.07222459604243936 0.9842596216818011 -1.802984833633138 3
169 0.07163638525307287 0.9843726857654804 -1.8061156549529203 3
170 0.07115722509135092 0.984484993588156 -1.809248040600093 3
171 0.07063900099846368 0.9845964834950197 -1.812380121736825 3
172 0.06884089226043182 0.9847051354374035 -1.8154543643790337 3
173 0.0685362248804492 0.9848133065216587 -1.818536772577388 3
174 0.06801431876371423 0.9849206538787445 -1.821617490169656 3
175 0.06780634435996494 0.9850276729887348 -1.8247106960087882 3
176 0.06697622119659487 0.9851333819109696 -1.8277878150905131 3
177 0.06594419638657507 0.9852374619830181 -1.8308389709673059 3
178 0.0638224051986259 0.985338193220873 -1.8338125081495256 3
179 0.0636407802461314 0.98543863779911 -1.8367979953075089 3
180 0.06238183681116775 0.9855370953803011 -1.8397444778832766 3
181 0.06234645886673804 0.9856354971242964 -1.8427093994022534 3
182 0.061459927044463646 0.9857324996504531 -1.845652108138997 3
183 0.06101232646840625 0.9858287957262661 -1.8485932416922766 3
184 0.05993309908199231 0.9859233884518179 -1.8515018738181204 3
185 0.059663796730710775 0.986017556136052 -1.8544169155810886 3
186 0.0587453356118136 0.9861102742082709 -1.85730632793513 3
187 0.0584188445429864 0.9862024769779183 -1.8601988726129648 3
188 0.0584188445429864 0.9862946797475657 -1.8631108118399122 3
189 0.05820792332471672 0.9863865496191448 -1.8660317872542769 3
190 0.057970949003715015 0.9864780454729064 -1.8689605288839666 3
191 0.05695732926237055 0.9865679415252983 -1.8718574262219267 3
192 0.056678598969761976 0.9866573976562032 -1.874759457276427 3
193 0.0561048774266978 0.9867459482793784 -1.877651339016031 3
194 0.05429816238432241 0.9868316473546985 -1.8804685516748039 3
195 0.053849890977495804 0.9869166389208991 -1.883280672632966 3
196 0.05338339707484624 0.9870008942173192 -1.8860865220781318 3
197 0.05283027753679296 0.9870842765222626 -1.8888812616866453 3
198 0.05281526644550531 0.987167635135122 -1.8916933005132774 3
199 0.05281526644550528 0.9872509937479811 -1.8945236659033065 3
200 0.0524372838421559 0.9873337557889091 -1.8973521428279851 3
201 0.05224364749056965 0.9874162122125647 -1.9001886142502298 3
202 0.051931674044224385 0.987498176246889 -1.9030266279408836 3
203 0.05177325441331575 0.9875798902466764 -1.9058745663935592 3
204 0.05176542357292656 0.9876615918870072 -1.9087408688554157 3
205 0.05153282171357336 0.9877429264105999 -1.9116132064637357 3
206 0.04985832163309426 0.987821618061907 -1.9144104097358312 3
207 0.04930375936025206 0.9878994344446617 -1.9171943311858033 3
208 0.04895444634317811 0.9879766995048439 -1.9199762985497866 3
209 0.048458911502755414 0.988053182459781 -1.9227477690919499 3
210 0.048251260210418465 0.9881293376775909 -1.9255250489524982 3
211 0.046759844150053576 0.9882031389855874 -1.928233537225548 3
212 0.04672955229465332 0.9882768924837892 -1.930957251947912 3
213 0.04643151226595145 0.9883501755838459 -1.9336806201890364 3
214 0.046108314164775954 0.9884229485786393 -1.9364020377149358 3
215 0.04599304253299762 0.9884955396396098 -1.939133747964593 3
216 0.04584354949541978 0.9885678947549329 -1.941873786041658 3
217 0.045634551060048587 0.9886399200069259 -1.9446186104887013 3
218 0.04561760830902914 0.9887119185180859 -1.9473798643300786 3
219 0.0456176083090291 0.988783917029246 -1.9501587866806118 3
220 0.045497485539840635 0.9888557259500075 -1.952948216672382 3
221 0.04543817359826604 0.9889274412584195 -1.955752007039897 3
222 0.04529113712924228 0.9889989244983991 -1.9585648546983254 3
223 0.0450779778070936 0.9890700713078993 -1.961382671419756 3
224 0.04485443177354659 0.9891408652935186 -1.9642047794591595 3
225 0.04477191852474559 0.9892115290480435 -1.967040103434235 3
226 0.04471760155081718 0.9892821070738027 -1.9698905859557725 3
227 0.04471379859201389 0.9893526790973318 -1.972759656409142 3
228 0.04439436114541205 0.9894227469510588 -1.9756271055130117 3
229 0.04385187197275088 0.9894919585912708 -1.9784782244711259 3
230 0.04196915175143197 0.9895581987242537 -1.9812245763683638 3
231 0.04190408093600787 0.9896243361556263 -1.983984107172479 3
232 0.041499510078154236 0.9896898350506858 -1.9867343865104774 3
233 0.040387418233121856 0.9897535787253361 -1.9894277923694212 3
234 0.040361254548119375 0.9898172811057049 -1.9921362452672338 3
235 0.0397251162478866 0.9898799794656481 -1.9948186062761926 3
236 0.03972511624788658 0.9899426778255912 -1.9975176375392756 3
1 24.82648825240972 0.0607916750821502 -0.02723806659703453 4
2 20.670169434487278 0.11140593076659548 -0.051296589708473755 4
3 20.20039285643075 0.16086986245821247 -0.07617068084772789 4
4 18.79106312226116 0.20688282217134457 -0.10066264379854525 4
5 17.87870477963558 0.25066172480159465 -0.125322083653172 4
6 16.911956810035043 0.2920733885434135 -0.150011761930895 4
7 15.442197050197608 0.3298861076072559 -0.17385137844228477 4
8 15.032850497808928 0.3666964753777615 -0.19838809491957937 4
9 13.153744185582813 0.398905547176954 -0.22105727988275145 4
10 11.274637873356696 0.42651332300483324 -0.24147666699495615 4
11 11.272491845864682 0.4541158439370267 -0.2628995106295191 4
12 9.3955315611306 0.4771223237935928 -0.28159989958807513 4
13 9.220896679477885 0.4997011818747589 -0.30077052306560625 4
14 8.97791948919839 0.5216850709754688 -0.3202860638451777 4
15 5.839182654213192 0.5359832548769234 -0.3334663466362179 4
16 5.3458832534387 0.5490735153465495 -0.34589425615260094 4
17 5.277415937566866 0.5619961225106451 -0.35852204482746064 4
18 5.1805204286191 0.5746814653368697 -0.3712856910538417 4
19 5.172927402146259 0.5873482154087128 -0.3844162723613175 4
20 4.70154471524056 0.5988607086702342 -0.39670479707601347 4
21 4.70154471524056 0.6103732019317556 -0.40935118050768693 4
22 4.676714066572474 0.6218248933307435 -0.42230706193198353 4
23 4.5582103305708275 0.6329864091502541 -0.4353178531273072 4
24 4.546175247286529 0.6441184551202567 -0.4486945328298278 4
25 4.25757802198253 0.6545438240696547 -0.4616070387638653 4
26 4.026382938592621 0.6644030744344532 -0.47418202643700236 4
27 3.9266230333023247 0.6740180465232838 -0.4868064420253732 4
28 3.6394303534466306 0.68292978084839 -0.4988445472050167 4
29 3.5666417463777003 0.6916632804869939 -0.5109747524960737 4
30 3.366733165721463 0.6999072716072029 -0.5227445279245102 4
31 3.3482759251709004 0.7081060671863005 -0.534774931983261 4
32 3.226202136933213 0.7160059453351462 -0.546690751689842 4
33 3.05712149689517 0.7234918021682353 -0.5582919883364204 4
34 2.9344533084424826 0.7306772860859319 -0.569727017878659 4
35 2.9035819232398916 0.7377871764198929 -0.5813460728522855 4
36 2.8101286423704757 0.7446682312686168 -0.5928951463145071 4
37 2.7659670686194393 0.7514411493556974 -0.6045707679603204 4
38 2.6788695444188155 0.7580007950565335 -0.616186060834579 4
39 2.5809617095465702 0.7643206975756098 -0.6276785559464817 4
40 2.5750082356774526 0.7706260220502451 -0.63945585353962 4
41 2.4748126403437087 0.7766860013913173 -0.6510840519937138 4
42 2.258341495853249 0.7822159160955092 -0.6619738625280321 4
43 2.1836582120679786 0.7875629566905729 -0.6727697517046811 4
44 2.031463691970858 0.7925373243678658 -0.683060025337707 4
45 1.9530302479454955 0.7973196350616543 -0.6931883224069877 4
46 1.9357212821599277 0.8020595619509616 -0.7034654729612334 4
47 1.892503783792252 0.8066936638000168 -0.7137539104226134 4
48 1.8166465458734242 0.8111420169232231 -0.7238646527061084 4
49 1.7696066906813392 0.8154751853467779 -0.7339452222295668 4
50 1.7644514024301081 0.8197957302125771 -0.7442349229954247 4
51 1.7566830130373012 0.8240972529195001 -0.7547273780946336 4
52 1.7475952741738014 0.8283765228268082 -0.7654233032626251 4
53 1.7423334352603028 0.8326429082698171 -0.7763558797565804 4
54 1.6589549599930324 0.836705128019887 -0.7870274533876948 4
55 1.648945335162117 0.8407428375833277 -0.7979010266341255 4
56 1.644965148795169 0.844770801016187 -0.8090265835622816 4
57 1.6131010684666 0.8487207400906098 -0.8202206088196413 4
58 1.5969845573066375 0.8526312152787215 -0.8315944978810589 4
59 1.5239921782733654 0.8563629568116926 -0.842733543536351 4
60 1.4771741833575023 0.8599800569058105 -0.8538101031866048 4
61 1.4372861015759737 0.863499484575111 -0.8648657087275293 4
62 1.3965995418915782 0.8669192846172017 -0.875884873222762 4
63 1.3829835343097205 0.8703057436607421 -0.8870792567254804 4
64 1.27758764584531 0.8734341238112315 -0.8976833699943607 4
65 1.203588704897737 0.8763813055768035 -0.907915847443721 4
66 1.1178891901146462 0.8791186382084817 -0.9176406560878714 4
67 0.9835363945730876 0.8815269862729549 -0.9263805637816742 4
68 0.9581907343839786 0.883873271385822 -0.9350678082231774 4
69 0.9556606200747386 0.8862133611042602 -0.9439087308629149 4
70 0.8789348435560549 0.8883655753394997 -0.952201861538859 4
71 0.8776301626897565 0.8905145948524528 -0.9606437701968057 4
72 0.8604217281272128 0.892621476727897 -0.9690825729858089 4
73 0.834799482228263 0.8946656183868544 -0.9774298500138608 4
74 0.8266380807840694 0.8966897755333119 -0.9858566948431645 4
75 0.8254233061176456 0.8987109581073663 -0.9944375369001763 4
76 0.8238725917821269 0.9007283435063603 -1.0031747312176458 4
77 0.8139294951725564 0.9027213816238439 -1.011982606203253 4
78 0.8087964244395796 0.9047018505867614 -1.0209155328078667 4
79 0.8042162236475598 0.9066711041866552 -1.0299838723373698 4
80 0.7984922786533182 0.9086263417807111 -1.039178987404669 4
81 0.7513195340054367 0.9104660692737728 -1.0480123486553377 4
82 0.7474166824533961 0.9122962400030654 -1.0569817873532674 4
83 0.7461692085410226 0.9141233560905582 -1.0661249362908687 4
84 0.7399626861894025 0.9159352745034403 -1.0753862008235902 4
85 0.6811796807237618 0.9176032532123944 -1.084089934905825 4
86 0.6725051864270682 0.9192499910179465 -1.0928574206890445 4
87 0.6711289479392256 0.920893358880793 -1.1017870553094615 4
88 0.6678395857826104 0.9225286722079589 -1.1108590005349557 4
89 0.6420033385597851 0.9241007213017567 -1.1197623513622432 4
90 0.640297406550041 0.9256685931448941 -1.1288276473177656 4
91 0.6146748091631826 0.9271737239108696 -1.137711896763978 4
92 0.6098113514171783 0.9286669457133193 -1.1467091802768987 4
93 0.6022952096890486 0.9301417630261303 -1.1557823789357249 4
94 0.6014520247768087 0.9316145156641996 -1.1650360728686908 4
95 0.584359637559784 0.9330454148254698 -1.174219676339635 4
96 0.5334614714388716 0.9343516815882452 -1.1827763939286384 4
97 0.5317498186634063 0.9356537570921394 -1.1914768059005294 4
98 0.5291663881462477 0.9369495066482394 -1.2003115108496782 4
99 0.5008796893369578 0.9381759916436138 -1.2088428408995942 4
100 0.48450156807528866 0.9393623721579971 -1.2172577967440639 4
101 0.4831667880406541 0.9405454842474085 -1.225815153796308 4
102 0.46462773318869555 0.9416832004601484 -1.2342063183718672 4
103 0.4484144685604631 0.9427812158700489 -1.242461374969471 4
104 0.4173997411141315 0.9438032866995276 -1.2502890836695288 4
105 0.4023745218808302 0.9447885658476223 -1.2579709716359098 4
106 0.40105779447975115 0.9457706207755403 -1.2657653669998157 4
107 0.39473557234950174 0.9467371947192114 -1.2735759635846002 4
108 0.39125879983747525 0.9476952552226112 -1.2814589127164568 4
109 0.3873045989079448 0.9486436332249791 -1.2894057081746553 4
110 0.36011680202543833 0.9495254375058657 -1.2969274367668244 4
111 0.360061401749837 0.9504071061302098 -1.3045805487967703 4
112 0.3501817142144681 0.9512645827404257 -1.312155311270519 4
113 0.3466818028222837 0.9521134892510764 -1.319786806676239 4
114 0.3441686912508851 0.9529562420012542 -1.327497992779518 4
115 0.33938794964603525 0.9537872883317667 -1.335238547213856 4
116 0.322893206181274 0.9545779446129466 -1.3427332174729831 4
117 0.3109922773781985 0.9553394595435811 -1.3500760256483646 4
118 0.3024589924676873 0.9560800793448527 -1.3573384531450055 4
119 0.302330395103612 0.9568203842546625 -1.3647212267637638 4
120 0.27643075456395727 0.9574972697023069 -1.3715831707700188 4
121 0.26112884534968184 0.9581366859483614 -1.378166394311504 4
122 0.24698121059648945 0.9587414594206837 -1.3844861382038622 4
123 0.2465769972313756 0.9593452431111525 -1.3908886316268383 4
124 0.24300421699109398 0.9599402782708869 -1.3972920718155428 4
125 0.23517888353818545 0.9605161518349964 -1.4035805268386967 4
126 0.23459449093088655 0.9610905944192127 -1.4099454038648753 4
127 0.22381167600028612 0.9616386335356867 -1.4161059312891398 4
128 0.22341716181880533 0.9621857066203282 -1.4223440106764833 4
129 0.2186567208486267 0.9627211229946947 -1.4285371788755932 4
130 0.20988763162976395 0.9632350668346803 -1.434566219192016 4
131 0.1950746840157625 0.9637127387747014 -1.440245808862686 4
132 0.19331064780867468 0.9641860911865298 -1.445948276489386 4
133 0.19325179967066028 0.9646592994991664 -1.4517248464356067 4
134 0.19238039331946902 0.9651303740323002 -1.4575527110993671 4
135 0.19238039331946902 0.9656014485654338 -1.4634598457197658 4
136 0.19226658317067047 0.9660722444159962 -1.4694448692002202 4
137 0.1813332947778643 0.9665162683401869 -1.4751661471855229 4
138 0.1813332947778643 0.9669602922643777 -1.480963803039546 4
139 0.17974472834793304 0.9674004263265279 -1.4867880794556567 4
140 0.1628140436590893 0.9677991028666936 -1.4921320284713444 4
141 0.15835163552007753 0.968186852478213 -1.4973933606405156 4
142 0.1568537264243407 0.968570934216849 -1.5026685280264032 4
143 0.15149004523092385 0.9689418821138787 -1.5078248659428812 4
144 0.14990621495900672 0.969308951746117 -1.5129882779708366 4
145 0.14719761157637384 0.9696693889245387 -1.5181188398038283 4
146 0.14146079439793594 0.970015778577496 -1.523107223674633 4
147 0.13301537383686513 0.9703414882511724 -1.527850645468395 4
148 0.13084500015145717 0.9706618834135675 -1.5325677699192541 4
149 0.12632958629731958 0.9709712218542431 -1.5371712437316414 4
150 0.12629544812878096 0.9712804767020871 -1.5418227730231948 4
151 0.12456995327579432 0.9715855063964823 -1.5464600794453163 4
152 0.12439195539099329 0.9718901002342446 -1.5511407029965059 4
153 0.12425001509468689 0.9721943465082159 -1.555866893626436 4
154 0.12319846785345723 0.972496017898556 -1.560604423279428 4
155 0.12257220000883266 0.9727961557707062 -1.5653697206127948 4
156 0.11920895409931592 0.9730880581908475 -1.5700549649425009 4
157 0.11827450796851707 0.9733776724683814 -1.5747539777888553 4
158 0.11612453271472352 0.9736620221834957 -1.5794175724587811 4
159 0.10767911215365293 0.9739256919193289 -1.5837872073782666 4
160 0.1059176136066875 0.9741850483408409 -1.5881286838718462 4
161 0.10216263481555052 0.9744352100889746 -1.5923577719128903 4
162 0.10198048686792716 0.9746849258183746 -1.5966207956473415 4
163 0.09911179138633198 0.9749276170825402 -1.6008043880711644 4
164 0.09108722760183693 0.9751506589033649 -1.6046851224996368 4
165 0.08630119176217872 0.975361981340734 -1.6083942202067154 4
166 0.0859368357514275 0.9755724115934331 -1.6121194062733035 4
167 0.0856048484188357 0.9757820289214106 -1.6158622437809962 4
168 0.08502302986422293 0.9759902215724797 -1.6196118477792616 4
169 0.08457361144199486 0.9761973137497959 -1.6233740279095146 4
170 0.08386306613662674 0.9764026660419178 -1.6271370611272722 4
171 0.08188176368148799 0.9766031667942703 -1.6308429209808204 4
172 0.08182261458548634 0.976803522710487 -1.6345779638111637 4
173 0.08003063579286894 0.9769994906765671 -1.6382625468560026 4
174 0.07867387121833976 0.9771921363849707 -1.6419153926565624 4
175 0.07774040997361954 0.9773824963624198 -1.6455553311635416 4
176 0.07707927460951612 0.9775712374429139 -1.6491946867136904 4
177 0.07428759264356363 0.9777531426382321 -1.652731329709463 4
178 0.073047929882578 0.9779320123186194 -1.6562372671426968 4
179 0.0723359346335459 0.9781091385633905 -1.6597371479887209 4
180 0.07063629186677042 0.9782821029577308 -1.6631822300571582 4
181 0.07029047514777603 0.9784542205638581 -1.666637790334374 4
182 0.06953107145396943 0.9786244786471187 -1.6700832839486437 4
183 0.06858211792222701 0.9787924130640521 -1.6735087440256935 4
184 0.06759259465757568 0.9789579244731005 -1.6769114249069463 4
185 0.06679693411770005 0.9791214875785258 -1.6803004477272367 4
186 0.06641919981502294 0.9792841257403682 -1.683696733709066 4
187 0.06416368848449114 0.9794412409176241 -1.687003102708907 4
188 0.06284925468160546 0.97959513749095 -1.6902663272206317 4
189 0.06251856841090195 0.9797482243254146 -1.6935368918633764 4
190 0.06247574341428957 0.9799012062959431 -1.696830007424922 4
191 0.06220210776327544 0.9800535182252875 -1.7001336954946549 4
192 0.06123774914078937 0.9802034687664466 -1.7034109005516633 4
193 0.06066473596228927 0.980352016192086 -1.7066820084448964 4
194 0.05980099969230391 0.9804984486196578 -1.709930838426096 4
195 0.059076951686995165 0.980643108098489 -1.7131643752500925 4
196 0.05810591470563523 0.9807853898360921 -1.7163684223045552 4
197 0.057985015711527955 0.9809273755329385 -1.719589542237724 4
198 0.05745185075288665 0.9810680556890817 -1.7228047816969905 4
199 0.05559976431330327 0.9812042007117855 -1.7259392012574228 4
200 0.05521527364876243 0.9813394042468607 -1.729074495199872 4
201 0.053961556642511434 0.9814715378529103 -1.7321606254058217 4
202 0.05376792365978047 0.9816031973172588 -1.7352576497024728 4
203 0.053362574729665116 0.9817338642191392 -1.738353318359006 4
204 0.05314240194853878 0.9818639919923262 -1.7414583011254863 4
205 0.05306303961531953 0.9819939254339942 -1.744580955705566 4
206 0.05301653571452682 0.9821237450033337 -1.7477234589537662 4
207 0.052944863382388824 0.9822533890713664 -1.7508845719342039 4
208 0.052944863382388824 0.9823830331393993 -1.7540688626150112 4
209 0.05221491080012109 0.982510889800379 -1.7572322857314355 4
210 0.04955083160803298 0.9826322230322296 -1.7602557666084815 4
211 0.04954080012395435 0.9827535317003677 -1.7632998255191068 4
212 0.04769054282030337 0.9828703097140017 -1.7662504892410205 4
213 0.047379873193920466 0.9829863270027681 -1.7692019185901575 4
214 0.04690056463729107 0.9831011706269493 -1.7721433790805907 4
215 0.046789579246564565 0.9832157424854365 -1.7750978658821674 4
216 0.04652506991436014 0.9833296666500083 -1.7780557156720278 4
217 0.0459734879121968 0.9834422401767648 -1.7809984213082852 4
218 0.04572954379099634 0.9835542163668538 -1.7839454277792053 4
219 0.045729543790996294 0.9836661925569431 -1.7869125685534897 4
220 0.04570527031557541 0.9837781093094985 -1.7898985293727891 4
221 0.04533373955628558 0.9838891163088511 -1.792880637627701 4
222 0.04443211386690733 0.9839979155317596 -1.7958234414634215 4
223 0.04410323273497996 0.9841059094359816 -1.7987643167160439 4
224 0.043823084902100906 0.9842132173528879 -1.8017063703703546 4
225 0.04381046915179089 0.9843204943780877 -1.8046676348314443 4
226 0.04304397781776808 0.984425894525186 -1.807596888393269 4
227 0.04196366309652359 0.9845286493468219 -1.810471770617562 4
228 0.041595943071381265 0.9846305037464543 -1.8133403665855248 4
229 0.03988457426329993 0.9847281675825456 -1.8161088502360578 4
230 0.03970822652844832 0.984825399602663 -1.8188827366623603 4
231 0.039687332254973284 0.9849225804597699 -1.8216729804379952 4
232 0.03949521232613985 0.985019290880133 -1.8244676285887378 4
233 0.03945856873747764 0.9851159115727379 -1.8272777584732736 4
234 0.03945856873747761 0.9852125322653429 -1.8301061899667628 4
235 0.03940505750486259 0.985309021927033 -1.8329492894682677 4
236 0.03929018166775776 0.9854052302966413 -1.8358027535262311 4
237 0.03928038368224013 0.9855014146742962 -1.838674371228014 4
238 0.039082368583671395 0.9855971141799299 -1.8415504821987685 4
239 0.038241785859912336 0.9856907553827019 -1.8443832919703484 4
240 0.03754438146145747 0.9857826888779171 -1.8471825326683406 4
241 0.0371779497161012 0.9858737251056906 -1.849972346724235 4
242 0.03702676155575611 0.9859643911247811 -1.8527687426011805 4
243 0.034726727502395784 0.9860494251381916 -1.855407896034304 4
244 0.03455831078537237 0.9861340467560094 -1.8580502685762412 4
245 0.03410867331853268 0.986217567363708 -1.8606741215229667 4
246 0.03332749432155778 0.9862991751281852 -1.863253284924381 4
247 0.03332749432155778 0.9863807828926623 -1.8658478568678363 4
248 0.033040640134732686 0.9864616882482308 -1.868435489462115 4
249 0.032633354859558886 0.9865415962998767 -1.8710064486811568 4
250 0.03208986001498868 0.9866201735164217 -1.8735495186842726 4
251 0.031127434596838154 0.9866963940785453 -1.8760306282407664 4
252 0.030458633826913988 0.9867709769737267 -1.878472227616379 4
253 0.029961066416503528 0.9868443414945639 -1.8808874084585827 4
254 0.029886861526787194 0.9869175243127172 -1.8833100636885243 4
255 0.029429940031664645 0.986989588284629 -1.885708959942292 4
256 0.029376426395385537 0.9870615212197404 -1.8881167821043625 4
257 0.028872140271033065 0.9871322193286488 -1.8904963501662195 4
258 0.028804289451197368 0.987202751293842 -1.8928833897402453 4
259 0.028796847954778656 0.9872732650373268 -1.8952830000832417 4
260 0.028785627417990588 0.987343751305511 -1.897694999903361 4
261 0.028785627417990588 0.9874142375736951 -1.9001204704209351 4
262 0.02853786568512318 0.9874841171571718 -1.9025385107984036 4
263 0.028383744620073634 0.9875536193502736 -1.9049569210481772 4
264 0.026595375800604688 0.9876187424328425 -1.9072352416858802 4
265 0.02649832102362356 0.9876836278610801 -1.9095171973721403 4
266 0.02630572780249689 0.987748041693641 -1.9117944897751165 4
267 0.02629018654720935 0.987812417470923 -1.914082430427651 4
268 0.025911722765450184 0.9878758665183742 -1.9163492908779558 4
269 0.02587797590151472 0.9879392329311666 -1.9186250700426621 4
270 0.025737114919665127 0.9880022544230442 -1.9209003519081271 4
271 0.025563407793795994 0.9880648505649066 -1.9231721390007377 4
272 0.025382434294546036 0.9881270035638624 -1.9254396625572503 4
273 0.02537443824868791 0.9881891369832057 -1.9277183674383187 4
274 0.025189761960728568 0.9882508181927646 -1.9299923758582052 4
275 0.0246500539467607 0.9883111778398905 -1.9322292489011736 4
276 0.024287136614331878 0.9883706488251834 -1.9344445147691711 4
277 0.02388120289783358 0.9884291258160641 -1.9366338286958145 4
278 0.023459872673990183 0.9884865711116921 -1.9387953170736931 4
279 0.02329936605926696 0.9885436233808933 -1.9409527177220367 4
280 0.023269417218282157 0.9886006023155095 -1.9431180950856937 4
281 0.023201627831052722 0.9886574152568383 -1.9452879673319443 4
282 0.0229799784198325 0.9887136854537059 -1.9474478502367865 4
283 0.022837158308998632 0.988769605932414 -1.9496050043462514 4
284 0.022572643834938587 0.9888248787046164 -1.951747754314158 4
285 0.02246180925854587 0.9888798800804179 -1.9538905292888586 4
286 0.021948678171773223 0.9889336249716943 -1.9559946160698263 4
287 0.021814403908901048 0.9889870410707036 -1.9580959803907325 4
288 0.021784695785907283 0.9890403844245648 -1.9602046790993888 4
289 0.02155987527254843 0.9890931772690079 -1.9623017454119631 4
290 0.021387180003665386 0.9891455472411316 -1.964392067169918 4
291 0.021264084772043598 0.9891976157946555 -1.966480380351094 4
292 0.02119205233560653 0.989249507965099 -1.9685716582458437 4
293 0.020597990284279485 0.9892999454784508 -1.9706140093851043 4
294 0.020319321358840625 0.9893497006258312 -1.9726381842701086 4
295 0.020123298532687774 0.9893989757795921 -1.9746521732462834 4
296 0.02009826384835572 0.9894481896318762 -1.9766730223155058 4
297 0.020039712790635843 0.9894972601124178 -1.9786973901838345 4
298 0.020039712790635836 0.9895463305929595 -1.9807312384039735 4
299 0.020020453446561413 0.9895953539138796 -1.9827726877213663 4
300 0.019955525709148606 0.9896442182487253 -1.984817110923131 4
301 0.019898984779248497 0.9896929441339517 -1.9868653699954493 4
302 0.019848269734423985 0.9897415458351819 -1.9889180776520021 4
303 0.019726113518234313 0.9897898484171437 -1.9909678102040427 4
304 0.019634753501217034 0.9898379272893155 -1.9930177019925335 4
305 0.01924730239678575 0.9898850574247425 -1.9950365784709916 4
306 0.01884153957715931 0.989931193984226 -1.9970220261201215 4
307 0.018646966646253652 0.9899768541003932 -1.9989959478889392 4
1 54.345507242117144 0.22211108133276553 -0.10908241516216294 5
2 42.631912100150394 0.39634848523925503 -0.21921370524224126 5
3 24.82648825240972 0.49781479646294446 -0.2991360875547495 5
4 20.191794053955384 0.5803390277925372 -0.37710141759588656 5
5 11.551216508446077 0.6275490607759353 -0.42893092621103446 5
6 9.12859688134619 0.6648578030668781 -0.4747708877676072 5
7 5.8366970600656884 0.6887124906245328 -0.5068383053314318 5
8 4.699543385136596 0.7079196103298022 -0.5344976006571246 5
9 4.699543385136596 0.7271267300350718 -0.564039004730599 5
10 3.5651235161088386 0.7416974550026386 -0.587871314798942 5
11 3.5404205422019643 0.7561672184643695 -0.6129079070729684 5
12 3.2453854970184675 0.7694311683042895 -0.6371994010197913 5
13 3.0164787742041708 0.7817595721845018 -0.6610647956777205 5
14 2.9503504518349706 0.7938177084026108 -0.6857486377517851 5
15 2.7541762720994605 0.8050740771628047 -0.710130401023394 5
16 2.6553154066514733 0.8159263997591027 -0.7350084933636372 5
17 2.4918737699947497 0.8261107333992782 -0.7597272242074138 5
18 2.3602803614679764 0.8357572423737654 -0.7845137717974573 5
19 2.2295712678900395 0.8448695408939223 -0.8093029222188904 5
20 2.0652453162844795 0.8533102362465986 -0.8336001908637263 5
21 1.9672687657853287 0.861350499646737 -0.8580816911363308 5
22 1.7702102711009853 0.8685853813776024 -0.8813563209717769 5
23 1.7049662636806184 0.8755536096577226 -0.9050176958988249 5
24 1.61241441164962 0.8821435768270873 -0.9286467434533127 5
25 1.4765453872189969 0.8881782448104226 -0.9514736952005286 5
26 1.4426637615759113 0.8940744379705242 -0.9749992230017195 5
27 1.3823948327768967 0.8997243109171318 -0.9988043449149121 5
28 0.9577828565314414 0.9036387869564928 -1.016097741521499 5
29 0.8600554680976049 0.9071538493732306 -1.0322360972683875 5
30 0.8135830257247783 0.9104789780686467 -1.0480749687427273 5
31 0.8038738888967565 0.9137644253443998 -1.0643135382422808 5
32 0.7981523804428704 0.917026488710534 -1.081060530959975 5
33 0.6171339275100466 0.919548726351186 -1.0944670760612434 5
34 0.5714203032500431 0.921884131574012 -1.1072607347549617 5
35 0.5571941064499564 0.9241613940705139 -1.1201096588279034 5
36 0.5283452825436576 0.9263207508964613 -1.132654808867822 5
37 0.5257066789900396 0.9284693237014611 -1.14550766882758 5
38 0.5065400967726876 0.9305395623346446 -1.1582624845575062 5
39 0.48770333773260705 0.9325328147893652 -1.1709074086084443 5
40 0.47999305473003623 0.934494555176539 -1.1837225998783545 5
41 0.4728593223664727 0.9364271398691647 -1.1967282493042124 5
42 0.45588608709541883 0.9382903546390299 -1.2096469494244777 5
43 0.44706139292155644 0.9401175027225238 -1.2227000965852841 5
44 0.43427943047003276 0.9418924106918716 -1.2357671416304807 5
45 0.4278251011887134 0.9436409396994854 -1.2490362566858784 5
46 0.4064194481105059 0.9453019834117525 -1.262028421388629 5
47 0.4052320774181501 0.9469581743182994 -1.2753815360768368 5
48 0.38856580621002934 0.9485462498698211 -1.288582966839538 5
49 0.3827908800109541 0.9501107231924228 -1.301992791525942 5
50 0.3657775032994553 0.9516056625334633 -1.3152054513908105 5
51 0.34402218723904204 0.9530116875001584 -1.3280101515968978 5
52 0.3428521819500265 0.954412930633854 -1.3411583261797222 5
53 0.3377566588331948 0.9557933482714439 -1.3545123778984625 5
54 0.3251355584884047 0.9571221832412576 -1.3677673360431262 5
55 0.32187225415503234 0.9584376810266197 -1.3813002289385825 5
56 0.30392405806361134 0.9596798242065299 -1.3944775830613505 5
57 0.3008875493355999 0.9609095571197726 -1.4079294091443877 5
58 0.2844936136773546 0.9620722877183595 -1.4210433522200485 5
59 0.27581358689096663 0.9631995428888319 -1.4341467867714561 5
60 0.2618471246644765 0.9642697168729296 -1.4469635424307206 5
61 0.25635963162405917 0.96531746337268 -1.4598891464045787 5
62 0.2507396244463333 0.9663422408003822 -1.4729148010053268 5
63 0.2492459238950282 0.9673609134466319 -1.4862620040352976 5
64 0.2476882164776751 0.9683732197141978 -1.4999450184947434 5
65 0.23507509710254104 0.9693339759323564 -1.5133425278132515 5
66 0.23406748974370617 0.9702906140408241 -1.5271063242076919 5
67 0.2339421551694581 0.9712467399045962 -1.541312907107359 5
68 0.22566566200169996 0.9721690395895282 -1.5554718064661226 5
69 0.22489333751240087 0.9730881827701572 -1.570056975359748 5
70 0.21417287377383512 0.9739635112195563 -1.584417584086021 5
71 0.2117753478633532 0.9748290409367414 -1.5991002366587936 5
72 0.2051791076410259 0.975667611699583 -1.6138152616081431 5
73 0.20388853209871555 0.9765009078565964 -1.6289489158017214 5
74 0.19198849654430972 0.9772855683508103 -1.6436981254445 5
75 0.19082132641553473 0.9780654585993764 -1.6588714412344467 5
76 0.18948320598300022 0.978839879925279 -1.67448187219258 5
77 0.18657817630658458 0.9796024283418009 -1.690421532486752 5
78 0.1851320719075837 0.9803590665032145 -1.7068378748551574 5
79 0.17551773711243263 0.9810764107026061 -1.7229964861049283 5
80 0.15402988382710978 0.9817059336529023 -1.7376897501921484 5
81 0.14860256599721366 0.9823132750560365 -1.7523525780820173 5
82 0.1448989222222937 0.9829054795993737 -1.7671430791483644 5
83 0.1441773738353619 0.9834947351612662 -1.782377502713378 5
84 0.1400117902204896 0.9840669659067933 -1.7977015145650421 5
85 0.13779510665196176 0.9846301370260633 -1.8133300043238352 5
86 0.13107033985032898 0.9851658239005111 -1.8287365696964544 5
87 0.12769705770209502 0.9856877241091679 -1.8442913006749533 5
88 0.1273116996764264 0.986208049352531 -1.86037430557753 5
89 0.12698764730670986 0.9867270501879366 -1.8770325477659104 5
90 0.1252726409831197 0.9872390417611537 -1.8941167125883722 5
91 0.12235523402559524 0.9877391098388161 -1.911477998165383 5
92 0.12144240225669639 0.9882354471563557 -1.9294245751797054 5
93 0.11796330586529608 0.9887175653433588 -1.9475971730608466 5
94 0.1177032695121678 0.9891986207570339 -1.966520785312649 5
95 0.11618018796145796 0.9896734513085752 -1.9860448028480455 5
1 56.945163224765565 0.3514522219793328 -0.1880580242577657 6
2 24.826488252409717 0.5046754979547459 -0.30511018839175147 6
3 12.860263236650969 0.5840460332874895 -0.38095472973130795 6
4 6.405165436496899 0.6235772155218227 -0.4243240970575672 6
5 5.748225391727987 0.6590539175269935 -0.46731429530625335 6
6 5.091285346959074 0.690476139303002 -0.5093058662897003 6
7 4.434345302190161 0.7178438808498481 -0.549510526700593 6
8 3.777405257421248 0.7411571421675318 -0.5869638138644356 6
9 3.1204652126523356 0.7604159232560531 -0.6205420494381438 6
10 2.5749443876580056 0.7763078774672239 -0.6503493096037943 6
11 2.463525167883428 0.7915121783265829 -0.6809193082417943 6
12 2.2240312772995967 0.8052383789359885 -0.7104966193375568 6
13 1.452995597320542 0.8142059277546458 -0.7309681462745636 6
14 1.1776013969766208 0.8214738080123567 -0.7482980585364718 6
15 1.1451181720765695 0.8285412094072162 -0.7658402439519463 6
16 1.0433298901142076 0.8349803973447552 -0.7824644629416384 6
17 0.9869019608793181 0.841071325307465 -0.7987977381782 6
18 0.941541608151846 0.846882299787683 -0.8149746025074158 6
19 0.9367473217303584 0.8526636850539939 -0.8316901965595169 6
20 0.8741131653502532 0.8580585069638226 -0.8478906308813824 6
21 0.8397533261894843 0.8632412679867196 -0.8640449345074137 6
22 0.7613243698211882 0.8679399838436671 -0.8792286539310548 6
23 0.7379650442271225 0.8724945314092433 -0.8944711883448622 6
24 0.6485355742921234 0.8764971412133098 -0.9083229894414416 6
25 0.6361767622647608 0.8804234753215653 -0.9223540728836849 6
26 0.5503949262208969 0.8838203840111228 -0.9348700633408303 6
27 0.5443518667638272 0.8871799963518169 -0.947613890567142 6
28 0.5343884803024003 0.8904781170027513 -0.9604990980343607 6
29 0.5321574523632127 0.8937624682713164 -0.9737220280463245 6
30 0.5250431877383571 0.8970029119633895 -0.9871750536201549 6
31 0.48852090607010135 0.9000179486793969 -1.0000779571205414 6
32 0.47538717210729076 0.902951927062743 -1.0130130838822613 6
33 0.4549467408121272 0.9057597518872953 -1.0257635791588762 6
34 0.44966705615201824 0.9085349917335971 -1.038745022035671 6
35 0.4490362058038487 0.911306338119172 -1.0521074140863298 6
36 0.43268994537637545 0.9139767992104928 -1.0653844020590841 6
37 0.42295798323399175 0.9165871969087971 -1.0787672840731635 6
38 0.4226287178266417 0.9191955624580567 -1.0925647883954615 6
39 0.4096839519087782 0.9217240359412093 -1.106371574840594 6
40 0.38626412622327694 0.9241079677405835 -1.11980381735102 6
41 0.38581878182395846 0.9264891509785379 -1.133648561290574 6
42 0.3768589846826496 0.9288150364451722 -1.1476117329756588 6
43 0.3731469645693502 0.9311180121922976 -1.1618943284321663 6
44 0.36998910485415004 0.9334014983682156 -1.176535541706097 6
45 0.3405933700195839 0.9355035609474787 -1.190464262768327 6
46 0.33383929949008584 0.9375639389839189 -1.2045645036387846 6
47 0.3186096706726346 0.9395303233151048 -1.2184623534436911 6
48 0.28359910368760893 0.9412806306195013 -1.2312186171934885 6
49 0.28190874179162845 0.9430205054058286 -1.2442814072540698 6
50 0.27674104765913743 0.9447284863932358 -1.257498642129558 6
51 0.275211713852301 0.9464270286902585 -1.2710542657488728 6
52 0.26519706329519677 0.9480637629075196 -1.284529519265274 6
53 0.25536690231544756 0.9496398276715188 -1.297912792440656 6
54 0.25267660873225595 0.9511992885730643 -1.3115738467157256 6
55 0.24883713967084622 0.9527350531700173 -1.3254608263233307 6
56 0.24467727392285266 0.9542451440490022 -1.3395628075907655 6
57 0.2286121698053744 0.9556560848646865 -1.35316596556074 6
58 0.22618211347939643 0.9570520279413717 -1.3670573381084146 6
59 0.2045477308784929 0.9583144486711941 -1.3800144501949014 6
60 0.19910700398484 0.9595432905077856 -1.3930094430552677 6
61 0.19699732464334527 0.9607591118971566 -1.4062611721942386 6
62 0.1960866775272054 0.9619693129856225 -1.4198658291017447 6
63 0.19186849285568372 0.9631534804253714 -1.4336035281826445 6
64 0.1859125012883524 0.9643008888788975 -1.4473425973333591 6
65 0.18238282421903795 0.9654265129915135 -1.4612568162292894 6
66 0.18048329195161136 0.9665404136354747 -1.4754794321935454 6
67 0.18027322172464627 0.9676530177751523 -1.4901662301183103 6
68 0.17991365556008174 0.9687634027566027 -1.5053362820580154 6
69 0.17063651947822037 0.9698165314250506 -1.5202308541428273 6
70 0.16802172635987855 0.9708535222022464 -1.535413919993221 6
71 0.16781253580729413 0.971889221904303 -1.5511271331193202 6
72 0.15641885302472985 0.9728546024624026 -1.5663037938270272 6
73 0.13862774697124297 0.9737101804771451 -1.580212395274286 6
74 0.1376370928709621 0.9745596444065986 -1.5944768226158903 6
75 0.13235441409784868 0.9753765048788366 -1.6086503021723058 6
76 0.1293269649939113 0.9761746806436431 -1.6229612693350075 6
77 0.12813152926919272 0.9769654784588944 -1.6376208042151084 6
78 0.118879926467082 0.9776991775465707 -1.651679119893571 6
79 0.11438266029045335 0.9784051205597871 -1.6656492161868202 6
80 0.10944295813519182 0.9790805768872155 -1.6794502960183797 6
81 0.1032626608217931 0.9797178898658448 -1.6928868633452978 6
82 0.1032626608217931 0.9803552028444745 -1.706752451183597 6
83 0.10282250424294652 0.9809897992796981 -1.7210132975869863 6
84 0.09802227277521489 0.9815947698095803 -1.7350587465517933 6
85 0.09221754225205167 0.9821639149010085 -1.7487004642247488 6
86 0.07778345733691239 0.9826439761979862 -1.7605497629518956 6
87 0.07421805245993836 0.9831020326503855 -1.7721655333708188 6
88 0.07194136319895496 0.9835460379094222 -1.78372950762979 6
89 0.07150124515369859 0.9839873268628732 -1.795536161410112 6
90 0.071052361082353 0.984425845408877 -1.8075955187538777 6
91 0.06977936091589716 0.9848565072957416 -1.8197739473426902 6
92 0.0671831371593755 0.9852711458971097 -1.831831039725584 6
93 0.0657811455414027 0.9856771317342847 -1.8439700024725278 6
94 0.06102582585035847 0.9860537688510945 -1.8555431409479497 6
95 0.06006104592910681 0.9864244515719933 -1.8672426166602243 6
96 0.057761539762008575 0.9867809422789244 -1.8787995010623424 6
97 0.05594034036282859 0.9871261929693333 -1.8902930049277844 6
98 0.054340946316810926 0.9874615725739562 -1.901756929455726 6
99 0.05085485487529872 0.9877754368379642 -1.91276665119878 6
100 0.04862084670451504 0.9880755133263109 -1.9235603074310472 6
101 0.04612999229274571 0.9883602168441001 -1.934055110328169 6
102 0.04576936938776885 0.9886426946817074 -1.9447246989259184 6
103 0.04347428989192423 0.988911007825726 -1.9551079230159316 6
104 0.043470200052255985 0.9891792957282112 -1.9657444720022912 6
105 0.04290074709221915 0.9894440691002819 -1.976503461382015 6
106 0.04115226436081111 0.9896980512460878 -1.987080614807653 6
107 0.04080315163419555 0.989949878749839 -1.9978286986456602 6
