x y yc yclog atom
1 10.036344852111004 0.292734109022832 -0.15041728595486692 1
2 2.9030630739339847 0.377408917920655 -0.20579710439148716 1
3 2.5074339886132826 0.4505442540819953 -0.26006728063370055 1
4 2.203243540689911 0.5148071450396043 -0.3140856032591355 1
5 1.8080505640584035 0.5675432834183628 -0.36405735337935047 1
6 1.1505401624098561 0.6011015513237539 -0.3991376526664854 1
7 0.9937446879449792 0.6300865025294269 -0.43189982177991915 1
8 0.7398574643427278 0.6516662229176423 -0.4580044110162359 1
9 0.6791705580711713 0.6714758638896428 -0.4834327180540349 1
10 0.6723375806743215 0.6910862046602537 -0.5101626967288223 1
11 0.6700909162206775 0.7106310160646659 -0.5385480206516973 1
12 0.6642256035552625 0.7300047515343081 -0.5686438787420808 1
13 0.6205303671998076 0.7481040104617889 -0.5987787468936685 1
14 0.5459209043884149 0.7640271051638873 -0.6271378796534469 1
15 0.5359645636548301 0.7796597992692823 -0.6569062592598428 1
16 0.5062557599988489 0.794425964743336 -0.6870317391750422 1
17 0.47648323225439065 0.8083237429199169 -0.7174316798069404 1
18 0.3722766691965924 0.8191820863380718 -0.7427585460999249 1
19 0.35321639025607865 0.8294844909303299 -0.7682361140494463 1
20 0.33445497037376287 0.8392396736391053 -0.7938211208142165 1
21 0.325997270827457 0.8487481672217545 -0.8202993541257015 1
22 0.32091586618745144 0.8581084494304626 -0.848043465361982 1
23 0.31028125027794395 0.8671585475174669 -0.8766663844911428 1
24 0.30508010322462775 0.8760569416553756 -0.9067777916637744 1
25 0.2361701978743476 0.8829454128539267 -0.9316115624612304 1
26 0.2348181646700001 0.8897944487559355 -0.957796528769679 1
27 0.19238030193436229 0.8954056824381315 -0.9804919093364329 1
28 0.19172898466468208 0.9009979188874263 -1.0043556760468197 1
29 0.18883953998307315 0.9065058777409525 -1.0292156912740067 1
30 0.16588295562939437 0.9113442526606854 -1.0522931048815392 1
31 0.14104626204588938 0.9154582057441449 -1.0729285392471473 1
32 0.13490584394468025 0.9193930587818833 -1.093627558654854 1
33 0.13490584394468025 0.9233279118196217 -1.1153627084815274 1
34 0.11994100589330856 0.9268262794039216 -1.1356448622378092 1
35 0.11970292064526578 0.930317702659984 -1.1568775396070956 1
36 0.11887563275679562 0.9337849960772948 -1.179043590884695 1
37 0.10201254978698242 0.9367604371677593 -1.1990111409568074 1
38 0.08189875879470615 0.9391492112223695 -1.2157337878603396 1
39 0.07897393424727445 0.9414526757424274 -1.23249294835806 1
40 0.06570631329373243 0.9433691582231155 -1.2469469828492104 1
41 0.06512194747987234 0.9452685962709563 -1.2617634131043447 1
42 0.05200822117472307 0.9467855409865661 -1.273970348596553 1
43 0.05179076950594042 0.9482961432018476 -1.2864770599296191 1
44 0.045650427702175866 0.9496276475968063 -1.2978077669927846 1
45 0.044920547070340044 0.9509378632696653 -1.309253541535542 1
46 0.044499152734871816 0.9522357879643687 -1.3208973823984935 1
47 0.04404113161474613 0.9535203533727493 -1.3327371824339578 1
48 0.0438556009711916 0.95479950733419 -1.3448568315409037 1
49 0.04264592449352818 0.9560433781750213 -1.3569756915703215 1
50 0.04233783561164394 0.9572782628634567 -1.3693510964880047 1
51 0.039429192924856166 0.958428310000181 -1.3812023199085812 1
52 0.034785681151188595 0.9594429179604089 -1.3919332987361228 1
53 0.031304430814104535 0.9603559868911667 -1.4018223889293362 1
54 0.03014221378143886 0.9612351569700455 -1.411561970274703 1
55 0.02820552654579606 0.9620578389129808 -1.4208779364563648 1
56 0.027225877789777645 0.9628519470464294 -1.4300639440482235 1
57 0.026547150863074402 0.9636262584784803 -1.4392120237026518 1
58 0.026269889488013384 0.9643924829164325 -1.4484583086762206 1
59 0.026034436525420857 0.9651518398030762 -1.4578201454688517 1
60 0.02582176058586057 0.9659049934850077 -1.4673092222328414 1
61 0.024809057532539595 0.9666286092494616 -1.476625693773777 1
62 0.02436168079249645 0.96733917619651 -1.485972865257716 1
63 0.023828652773462945 0.9680341961008319 -1.4953143691408748 1
64 0.022929308347652822 0.9687029844643811 -1.5044970745369242 1
65 0.022862431230287708 0.9693698221961363 -1.5138504821678729 1
66 0.016872333182965916 0.9698619443276723 -1.5208847692084029 1
67 0.016823413920637555 0.9703526396113985 -1.5280139673822108 1
68 0.015934187478181094 0.9708173984696442 -1.5348759948306328 1
69 0.015039638297088051 0.97125606565195 -1.5414537877430177 1
70 0.014985319155227396 0.9716931484859865 -1.5481084332181436 1
71 0.014953265831701711 0.972129296407837 -1.5548520674425301 1
72 0.014933110834702959 0.9725648564607796 -1.5616927632561914 1
73 0.014572973653254658 0.9729899122476284 -1.5684740048422108 1
74 0.012932196842740409 0.9733671108369805 -1.5745817182964665 1
75 0.011494672296104262 0.9737023805694074 -1.5800835638657942 1
76 0.011169798617907 0.9740281745805296 -1.5854975250821814 1
77 0.011136663583067705 0.9743530021287572 -1.5909634642464865 1
78 0.01091542485482882 0.9746713767179696 -1.5963884153127386 1
79 0.010100692141389868 0.9749659876702726 -1.6014695382059847 1
80 0.009618960414144541 0.9752465477594338 -1.6063642236203488 1
81 0.009491291483494549 0.9755233840775194 -1.6112486268772093 1
82 0.009258813958710109 0.9757934396300886 -1.6160669172288096 1
83 0.008544194972602035 0.9760426516031203 -1.6205612514049859 1
84 0.008509362112339386 0.9762908475920997 -1.6250839715870387 1
85 0.008363115184979448 0.9765347779380978 -1.6295753315089159 1
86 0.008262233289055778 0.9767757658212415 -1.6340585979983837 1
87 0.008197819425707452 0.9770148749193123 -1.6385531285591068 1
88 0.008125159205403678 0.977251864707498 -1.643054197484565 1
89 0.00745763117851602 0.9774693844371041 -1.647226942678434 1
90 0.007379793113006353 0.9776846338325305 -1.6513959825314164 1
91 0.007200524600478555 0.9778946544311127 -1.655502691457596 1
92 0.007017863489584847 0.9780993472795687 -1.6595429413855793 1
93 0.007008583952324072 0.9783037694680276 -1.663615713219021 1
94 0.007007924620458326 0.9785081724254886 -1.6677266523644 1
95 0.006562004842259066 0.9786995690613364 -1.6716116100640586 1
96 0.006464064471479079 0.9788881090309774 -1.6754728656676077 1
97 0.006170243359139122 0.9790680790019987 -1.6791909130589167 1
98 0.006074031757361387 0.979245242730514 -1.6828823414056386 1
99 0.006053454977226102 0.9794218062878031 -1.6865927488764683 1
100 0.006052885499027439 0.9795983532348924 -1.6903347760969096 1
101 0.005788661643751695 0.9797671934584685 -1.6939438710126578 1
102 0.005778481876019178 0.979935736764663 -1.697576783037157 1
103 0.005667735614379381 0.9801010498900786 -1.7011698368313009 1
104 0.005627884151401085 0.9802652006518369 -1.7047672848969704 1
105 0.005583142545508044 0.9804280464171719 -1.7083658228909213 1
106 0.005386720392899233 0.9805851630585394 -1.7118662525926314 1
107 0.005329363338894045 0.9807406067436318 -1.7153573989125175 1
108 0.005315586870706722 0.9808956486049328 -1.718867702300352 1
109 0.005090572376109448 0.981044127377922 -1.7222562182947778 1
110 0.0050543317918255795 0.9811915491072056 -1.7256469724674792 1
111 0.004999783533623317 0.9813373798054915 -1.7290273822330966 1
112 0.004994958909779289 0.9814830697820325 -1.7324310100893408 1
113 0.004990991063408709 0.9816286440268016 -1.7358587876275422 1
114 0.004652618787923372 0.9817643488312473 -1.739078724044916 1
115 0.004603197426659345 0.9818986121429615 -1.7422881259293497 1
116 0.0045911793335495525 0.9820325249181174 -1.745512948770277 1
117 0.0045858145370556965 0.9821662812160956 -1.7487580859369203 1
118 0.004554291503990103 0.9822991180690831 -1.7520050947574752 1
119 0.004415656654664911 0.9824279113036322 -1.75517661326889 1
120 0.004396829787117111 0.9825561554073593 -1.7583577911145958 1
121 0.0043572157849265745 0.9826832440735437 -1.7615334642354636 1
122 0.004314246512438036 0.982809079437666 -1.7647008665103117 1
123 0.00421143594353941 0.9829319160845537 -1.767815230593268 1
124 0.004188787636759918 0.9830540921391632 -1.7709351592910454 1
125 0.004154414700768495 0.9831752656245168 -1.774051783577837 1
126 0.004154414700768495 0.9832964391098703 -1.7771909354343116 1
127 0.004139406517583481 0.9834171748455056 -1.7803414783402616 1
128 0.004052054924116597 0.9835353627620631 -1.7834478335702224 1
129 0.0039758742369527 0.983651328685862 -1.7865175374615545 1
130 0.003714223457325469 0.9837596629360809 -1.7894049613336964 1
131 0.0036595718981491344 0.9838664031422811 -1.7922687992993123 1
132 0.0036375019614673714 0.9839724996257568 -1.7951342043034264 1
133 0.0036179401632021736 0.9840780255423907 -1.798003077121342 1
134 0.003606286344814209 0.9841832115474141 -1.8008816939679997 1
135 0.003588251566778903 0.9842878715248091 -1.803764978396335 1
136 0.003588251566778903 0.9843925315022041 -1.8066675329782653 1
137 0.0035752886969868812 0.9844968133863597 -1.8095790252826207 1
138 0.0035337265040581486 0.9845998830093088 -1.8124759799285604 1
139 0.003511313725421654 0.9847022989097246 -1.815373829236202 1
140 0.003496261606606765 0.9848042757789336 -1.8182785968201267 1
141 0.0034460865348680024 0.9849047891716343 -1.82116081699289 1
142 0.00339986392458486 0.9850039543708604 -1.8240232468012079 1
143 0.003379236173017349 0.9851025179121559 -1.8268871280817376 1
144 0.0033412623407776086 0.9851999738554053 -1.8297375174129344 1
145 0.003313945271041769 0.9852966330306892 -1.8325832034316618 1
146 0.0032173338825919173 0.9853904743027286 -1.835363883340274 1
147 0.003208049532861923 0.9854840447744035 -1.838154380048939 1
148 0.0031608458815737843 0.9855762384381861 -1.8409214655177952 1
149 0.003152252950096618 0.9856681814684782 -1.8436986994772975 1
150 0.003133540105826534 0.9857595786937116 -1.8464771618024198 1
151 0.003123971249206033 0.985850696820253 -1.8492649476055854 1
152 0.003118073339478297 0.9859416429200881 -1.8520654298723005 1
153 0.003046409647048877 0.986030498776168 -1.8548190999419751 1
154 0.003032792314731081 0.9861189574500365 -1.8575779145228928 1
155 0.0030197914968515174 0.9862070369238181 -1.8603424263983548 1
156 0.0029365308793005166 0.9862926879016629 -1.8630476987703735 1
157 0.002918714275226889 0.986377819215447 -1.8657533603467007 1
158 0.002898229250739799 0.9864623530342785 -1.868456815607221 1
159 0.002862321209492035 0.9865458395088212 -1.8711433960364776 1
160 0.0028430213912661066 0.9866287630577995 -1.8738284153016707 1
161 0.002822253150582739 0.9867110808511442 -1.8765103408613886 1
162 0.002778876009399291 0.9867921334459565 -1.879167327626495 1
163 0.002755038916723632 0.9868724907746947 -1.8818176678420664 1
164 0.002722664298529287 0.9869519038199162 -1.8844528506859188 1
165 0.0026955501805775153 0.9870305260167482 -1.8870776377018683 1
166 0.002665797826927481 0.9871082804147089 -1.8896891496292332 1
167 0.002483151929095613 0.987180707506269 -1.8921359431906404 1
168 0.002483151929095613 0.9872531345978289 -1.894596600007329 1
169 0.0024671932574822694 0.9873250962163922 -1.8970553287525593 1
170 0.002423330239806173 0.9873957784646678 -1.8994839721493537 1
171 0.0024119065135280956 0.9874661275125222 -1.9019147278797401 1
172 0.002393526299820603 0.987535940457287 -1.9043404849755918 1
173 0.0023795825456812804 0.9876053466989637 -1.9067656166616007 1
174 0.0023630354069461255 0.9876742703035862 -1.9091873605906693 1
175 0.002328200927316962 0.9877421778769235 -1.911586685115321 1
176 0.002328200927316961 0.9878100854502609 -1.9139993387382117 1
177 0.0023255269084231697 0.9878779150294134 -1.9164226760983591 1
178 0.0022862379494137065 0.9879445986516879 -1.918818326517903 1
179 0.002271159046949532 0.9880108424615465 -1.9212113331025993 1
180 0.002248202582232816 0.9880764166909606 -1.9235932095722232 1
181 0.0022464579087440825 0.9881419400327812 -1.9259863577213334 1
182 0.0022423321366712304 0.9882073430365473 -1.9283883344668118 1
183 0.00222639309004331 0.9882722811397266 -1.9307864535910262 1
184 0.002219410929600311 0.9883370155914225 -1.933190304951487 1
185 0.002213001412854308 0.9884015630941642 -1.9356005356792183 1
186 0.002144748283910887 0.9884641198304283 -1.9379492638906006 1
187 0.002144748283910887 0.9885266765666924 -1.9403107634691188 1
188 0.002130964458138823 0.9885888312645634 -1.9426698727284104 1
189 0.002093079087217431 0.9886498809445754 -1.9449995829781037 1
190 0.0020832121849777055 0.9887106428326792 -1.9473307867405438 1
191 0.00206894239200029 0.9887709885079888 -1.949658473699402 1
192 0.0020673368245758073 0.9888312873530674 -1.9519968826188345 1
193 0.0020629674187624906 0.9888914587539284 -1.9543429680957356 1
194 0.0020527874990312195 0.9889513332329739 -1.956690124753252 1
195 0.002010913985952295 0.9890099863704132 -1.9590017689731711 1
196 0.002003129650490171 0.9890684124590076 -1.9613167630066637 1
197 0.0019765487835179435 0.9891260632527585 -1.9636131975807576 1
198 0.001957975887212867 0.9891831723233693 -1.965900089002212 1
199 0.001940310896084277 0.989239766152075 -1.968178290216111 1
200 0.00193674738373154 0.9892962560423819 -1.9704642881341332 1
201 0.001931114186021731 0.9893525816269445 -1.9727556806993847 1
202 0.0019229805084542543 0.9894086699732605 -1.9750494990989216 1
203 0.0019213133221163694 0.9894647096920814 -1.9773534925770047 1
204 0.001918473854400269 0.9895206665910049 -1.9796663419708393 1
205 0.0019169498759936932 0.9895765790394371 -1.981989722450604 1
206 0.0019129334246706729 0.9896323743384172 -1.9843206920332714 1
207 0.0018608867288287202 0.9896866515704755 -1.9866003096561478 1
208 0.0018410963106827987 0.9897403515674441 -1.9888675209412563 1
209 0.0018278739818763348 0.9897936659034274 -1.991130219472036 1
210 0.0017947588442543488 0.9898460143568659 -1.993363454986176 1
211 0.0017869871725364936 0.9898981361308281 -1.9955984882554465 1
212 0.0017844306563136272 0.9899501833378528 -1.997841860964294 1
1 10.036344852110997 0.29502983893916784 -0.15182926479707637 2
2 2.9030630739339807 0.3803686992268191 -0.20786665190424433 2
3 2.5074339886132795 0.45407758993473174 -0.2628690775791426 2
4 2.2032435406899076 0.5188444544189451 -0.3177145043593764 2
5 1.8080505640584024 0.571994169237266 -0.3685503145129216 2
6 1.1505401624098548 0.6058156135788707 -0.4043005820490655 2
7 0.993744687944978 0.6350278755677953 -0.437740304495802 2
8 0.7398574643427271 0.656776832160998 -0.46442340460817094 2
9 0.6791705580711703 0.6767418277159102 -0.4904504869177276 2
10 0.6723375806743209 0.6965059600830211 -0.5178498332759846 2
11 0.6700909162206766 0.7162040491782363 -0.5469938053137441 2
12 0.6642256035552616 0.7357297206974808 -0.5779516762958293 2
13 0.6205303671998068 0.7539709207548219 -0.6090135587122558 2
14 0.5459209043884146 0.7700188902963788 -0.638307834801536 2
15 0.5359645636548296 0.7857741818115888 -0.6691281898017191 2
16 0.5062557599988483 0.8006561490551785 -0.7003971562489921 2
17 0.47648323225439015 0.8146629187846641 -0.7320376807562295 2
18 0.37227666919659186 0.8256064173762633 -0.7584695003803881 2
19 0.3532163902560783 0.835989617262625 -0.785128657910724 2
20 0.3344549703737626 0.8458213037476724 -0.8119756310790709 2
21 0.32599727082745666 0.8554043664785832 -0.8398448216070925 2
22 0.320915866187451 0.864838055506755 -0.8691455689198414 2
23 0.31028125027794357 0.8739591278338074 -0.8994886002960842 2
24 0.30508010322462725 0.8829273064928911 -0.931544389659506 2
25 0.2361701978743472 0.8898697996482996 -0.9580935706959115 2
26 0.19238030193436204 0.8955250387150228 -0.9809877811197169 2
27 0.19172898466468183 0.9011611315654685 -1.0050722353000268 2
28 0.1888395399830729 0.906712285883849 -1.0301755485675161 2
29 0.1658829556293942 0.9115886051418307 -1.0534917575536193 2
30 0.14104626204588927 0.9157348213776765 -1.07435185427648 2
31 0.11994100589330847 0.919260624463594 -1.0929146138821302 2
32 0.11970292064526561 0.9227794287612655 -1.1122669900091384 2
33 0.11887563275679545 0.9262739139850023 -1.1323788213960766 2
34 0.10201254978698229 0.9292726895927471 -1.1504128567980552 2
35 0.08622286947438004 0.9318073094836279 -1.1662621742956119 2
36 0.08189875879470607 0.9342148171941106 -1.1818719141411351 2
37 0.07897393424727438 0.936536346340896 -1.1974749287954705 2
38 0.06570631329373239 0.9384678585910214 -1.2108979705625487 2
39 0.06512194747987225 0.9403821927395088 -1.2246240013356156 2
40 0.05200822117472301 0.9419110339005881 -1.2359063532761578 2
41 0.05179076950594034 0.9434334828210892 -1.2474405601060514 2
42 0.04953606970789564 0.9448896522615529 -1.2587668486295414 2
43 0.04953606970789564 0.9463458217020164 -1.2703964518695101 2
44 0.044920547070339996 0.9476663125741925 -1.2812186638412435 2
45 0.04449915273487176 0.948974416077784 -1.2922120166413826 2
46 0.044041131614746064 0.9502690555265535 -1.303373292714063 2
47 0.04385560097119156 0.9515582410898005 -1.3147800961003024 2
48 0.04264592449352814 0.9528118668290646 -1.3261672036190868 2
49 0.042337835611643886 0.9540564359431788 -1.3377753175830454 2
50 0.03478568115118855 0.9550790008369376 -1.3475505924333187 2
51 0.031304430814104514 0.9559992303943371 -1.3565397273190487 2
52 0.030142213781438824 0.9568852952524349 -1.3653745836313584 2
53 0.028205526545796035 0.9577144289735876 -1.3738078002992635 2
54 0.02722587778977761 0.9585147647987965 -1.3821064433261645 2
55 0.026269889488013353 0.9592869982541832 -1.3902668761618735 2
56 0.026034436525420823 0.9600523103003662 -1.3985083322376863 2
57 0.025821760585860533 0.9608113704939953 -1.4068399242837522 2
58 0.024809057532539577 0.9615406611227961 -1.4149981856318614 2
59 0.02436168079249642 0.962256800600505 -1.4231612885205065 2
60 0.02382865277346292 0.9629572711097873 -1.4312970268954472 2
61 0.02380216040130477 0.9636569628454819 -1.4395787819170391 2
62 0.023622723895735755 0.9643513798398119 -1.4479572755852905 2
63 0.022862431230287684 0.9650234471614335 -1.4562229952278372 2
64 0.020558404854697253 0.9656277849918392 -1.4637924802332862 2
65 0.02040342193444948 0.9662275669219971 -1.4714376502237325 2
66 0.01682341392063753 0.9667221104209053 -1.4778442236438074 2
67 0.015934187478181077 0.967190514091224 -1.484000574512793 2
68 0.015500573924389026 0.9676461711950564 -1.4900743168356367 2
69 0.01495326583170169 0.9680857395513605 -1.4960152150535806 2
70 0.014933110834702945 0.9685247154284694 -1.5020303346978836 2
71 0.014871037549222546 0.9689618665903371 -1.5081044044969218 2
72 0.014600655048327589 0.9693910695492617 -1.5141518454257865 2
73 0.013789507545642725 0.9697964278993574 -1.5199416910873025 2
74 0.013388157580867513 0.9701899881080764 -1.5256378507169248 2
75 0.012885609313315149 0.9705687753355342 -1.5311916660704947 2
76 0.0128444143469247 0.9709463515898261 -1.5367993233453783 2
77 0.012707977542062904 0.9713199171281495 -1.5424195980971458 2
78 0.012610879540616973 0.971690628359636 -1.5480697702022284 2
79 0.012239259077907816 0.9720504153824712 -1.5536246421480633 2
80 0.011910275121693811 0.9724005315455417 -1.5590992820477756 2
81 0.011626447538483083 0.9727423042720931 -1.5645108607153175 2
82 0.011494672296104244 0.9730802033146378 -1.5699282244911048 2
83 0.011387995845140591 0.9734149664808641 -1.575362787779121 2
84 0.010976135896462924 0.9737376225527136 -1.5806659612053695 2
85 0.01054491753490326 0.9740476024674924 -1.5858225150008383 2
86 0.010100692141389854 0.974344523868616 -1.590819921008054 2
87 0.010041996671232038 0.9746397198492442 -1.5958459531856006 2
88 0.009708696919543939 0.9749251181023624 -1.6007611038239977 2
89 0.009463387531323439 0.9752033052053689 -1.6056062033719685 2
90 0.0092588139587101 0.9754754786341677 -1.610399459797405 2
91 0.00910785744600115 0.9757432145235747 -1.6151667526182107 2
92 0.008507779892878372 0.975993310446793 -1.6196677236538453 2
93 0.008477446697575086 0.976242514691033 -1.6241995306199954 2
94 0.008385596875172518 0.9764890189046631 -1.628729247718922 2
95 0.008381857527743636 0.9767354131958975 -1.6333046564465012 2
96 0.008262233289055771 0.9769782909957806 -1.6378624398916077 2
97 0.008173718220770263 0.9772185667939662 -1.642418957434597 2
98 0.008142174749446465 0.9774579153357255 -1.6470059234129577 2
99 0.007912157637093036 0.9776905022613174 -1.65151020702562 2
100 0.007911413301619218 0.9779230673063164 -1.65606126639317 2
101 0.007686754138073612 0.9781490282381834 -1.660529244212543 2
102 0.007457631178516014 0.9783682538385274 -1.6649084219532588 2
103 0.007322141284843667 0.9785834965584409 -1.6692514326634271 2
104 0.007239578995539391 0.9787963122654053 -1.6735886002266434 2
105 0.0072005246004785495 0.9790079799237472 -1.6779457669556517 2
106 0.0070180460175863005 0.9792142834153815 -1.6822349986592762 2
107 0.006833889749294635 0.9794151734228266 -1.6864527874905846 2
108 0.006833246851769348 0.9796160445315635 -1.6907115381199307 2
109 0.00653718664290595 0.9798082126117551 -1.6948252353657418 2
110 0.006534827576918049 0.9800003113445033 -1.6989767651486296 2
111 0.006061627553376451 0.980178499821198 -1.7028634792796018 2
112 0.006001381762308659 0.9803549173039406 -1.7067461386838543 2
113 0.0057253975162509735 0.9805232219140325 -1.710482883967373 2
114 0.00564629963623859 0.9806892013514501 -1.7141997644657796 2
115 0.005644262063478784 0.9808551208920853 -1.7179473716997515 2
116 0.005445973427319114 0.9810152115114098 -1.7215942370150892 2
117 0.005281006384689961 0.9811704527357868 -1.7251601219917119 2
118 0.005183514180098317 0.9813228280652746 -1.7286888832518297 2
119 0.005177457239892115 0.9814750253440757 -1.7322423775078655 2
120 0.005054331791825574 0.98162360320947 -1.7357396402511445 2
121 0.004945141033782515 0.9817689712876125 -1.7391888249539953 2
122 0.004903898575285081 0.9819131269965046 -1.7426365107915973 2
123 0.004887821298481394 0.9820568100954518 -1.746100346420538 2
124 0.004866809805498591 0.9821998755375247 -1.749576960995756 2
125 0.00486064980918126 0.9823427598994586 -1.7530771774727414 2
126 0.004690399992455438 0.9824806395732567 -1.756481752517607 2
127 0.004690399992455438 0.9826185192470549 -1.759913228149736 2
128 0.004602639924559237 0.9827538191132558 -1.7633070631093908 2
129 0.004554291503990097 0.9828876977223215 -1.7666915568395039 2
130 0.004452613226307222 0.9830185873820904 -1.7700261853143588 2
131 0.004415656654664905 0.9831483906611559 -1.7733586174273919 2
132 0.004198241039858614 0.9832718027594913 -1.7765508594371855 2
133 0.004102264395255799 0.9833923935145573 -1.7796929542474307 2
134 0.0040520549241165925 0.9835115083047773 -1.7828190701530293 2
135 0.004051192847607311 0.983630597753272 -1.7859671792128216 2
136 0.004051192847607311 0.9837496872017667 -1.7891382749780775 2
137 0.004038416647115853 0.9838684010792317 -1.7923225843747155 2
138 0.003963926582038889 0.9839849252360137 -1.7954710295564553 2
139 0.003906677200534383 0.9840997664817305 -1.7985964973807338 2
140 0.0037645171186151748 0.9842104287692022 -1.8016296631916302 2
141 0.003737711551810158 0.9843203030763708 -1.8046623361456813 2
142 0.003714223457325465 0.9844294869241308 -1.8076970764269022 2
143 0.003710425291965623 0.9845385591204746 -1.8107500358466766 2
144 0.0036666835295688202 0.9846463454776704 -1.8137882358233415 2
145 0.003624220067924483 0.9847528835728311 -1.8168122834111078 2
146 0.003606286344814206 0.984858894485684 -1.81984241405398 2
147 0.003446086534868 0.9849601961418482 -1.8227578275660374 2
148 0.0034237231458781607 0.9850608404006083 -1.825673833016775 2
149 0.003341262340777604 0.9851590606296635 -1.8285386091350158 2
150 0.0032514891800614286 0.9852546418739552 -1.8313446751110747 2
151 0.0032100234887331137 0.9853490041868118 -1.8341328557552765 2
152 0.003208049532861919 0.9854433084729775 -1.8369373210965025 2
153 0.003204768981018883 0.9855375163235683 -1.8397571182209826 2
154 0.0031669883407219566 0.9856306135690152 -1.8425617757298356 2
155 0.003118073339478293 0.9857222729020395 -1.8453409233287157 2
156 0.003095752423100751 0.9858132760861908 -1.8481178829372813 2
157 0.003059256966037158 0.9859032064446295 -1.8508796603637847 2
158 0.003027829302967249 0.9859922129509574 -1.853630469161096 2
159 0.002944619304839804 0.9860787734041947 -1.8563224974610257 2
160 0.002935549202205419 0.9861650672313885 -1.8590229469886592 2
161 0.0028496800274219673 0.9862488368359512 -1.8616605647891635 2
162 0.0028430213912661044 0.9863324107022867 -1.8643080799476595 2
163 0.00279582690954175 0.9864145972328393 -1.8669274815035486 2
164 0.0027852176424898304 0.9864964718918494 -1.8695527472296103 2
165 0.002673863656532896 0.9865750731730485 -1.8720880727597131 2
166 0.002665797826927477 0.9866534373499587 -1.8746305705793982 2
167 0.0026423417959529866 0.9867311120100036 -1.877165472014571 2
168 0.002615197091012976 0.9868079887203923 -1.8796889860271764 2
169 0.002580988566979665 0.9868838598320808 -1.8821939508141572 2
170 0.0025639656342299846 0.9869592305351863 -1.8846967824949339 2
171 0.0025581177691041297 0.9870344293336062 -1.8872083634444479 2
172 0.0025555269433398422 0.9871095519717387 -1.8897319877807948 2
173 0.0025360292233166477 0.9871841014520849 -1.8922509391698754 2
174 0.0025354929112449084 0.9872586351669242 -1.8947840486312988 2
175 0.0025354349799963163 0.9873331671788083 -1.897331961298633 2
176 0.0025136330590227953 0.9874070582982827 -1.8998728071762894 2
177 0.0024727031076277805 0.9874797462350104 -1.9023868686002072 2
178 0.0024613259772366743 0.9875520997279743 -1.904903899747255 2
179 0.002459898856639796 0.9876244112690957 -1.9074341316670163 2
180 0.0024403090654274155 0.9876961469458928 -1.909958864325111 2
181 0.002405648518342584 0.9877668637362551 -1.9124621866739095 2
182 0.002393526299820601 0.9878372241801356 -1.9149672979518053 2
183 0.0023879514060716556 0.9879074207436365 -1.917481057506715 2
184 0.002367494506380857 0.9879770159531673 -1.919987729152335 2
185 0.0023567999566981566 0.9880462967841753 -1.9224975309458454 2
186 0.0023567999566981566 0.9881155776151833 -1.9250219213134028 2
187 0.0023170893308828303 0.9881836911069147 -1.9275181645470731 2
188 0.0022423321366712282 0.9882496070253969 -1.929947608809455 2
189 0.0022203758688034694 0.9883148775142662 -1.9323667308883983 2
190 0.0022094977882913002 0.9883798282295138 -1.934787452115829 2
191 0.002207260039949461 0.9884447131635886 -1.9372192695769495 2
192 0.002199395125164145 0.9885093668994958 -1.9396560422881453 2
193 0.002199395125164145 0.9885740206354028 -1.9421065646137905 2
194 0.0021904194668576835 0.9886384105215653 -1.9445609068798704 2
195 0.002189906206945322 0.9887027853198658 -1.947028618300193 2
196 0.0021818086627431424 0.9887669220815903 -1.9495012286156561 2
197 0.0021710754491306166 0.9888307433282215 -1.9519757287721942 2
198 0.0021689730811643624 0.988894502773341 -1.9544619920042983 2
199 0.0021077440405323283 0.9889564623207625 -1.956891782724436 2
200 0.002107744040532328 0.9890184218681841 -1.9593352441582028 2
201 0.002067336824575805 0.989079193599265 -1.961745291809028 2
202 0.0020625216766740864 0.9891398237835647 -1.964163127859088 2
203 0.002059782362042908 0.9892003734425766 -1.966591261814383 2
204 0.002052800331535283 0.9892607178568141 -1.9690247476562612 2
205 0.0020483711227767035 0.9893209320693933 -1.9714666508897571 2
206 0.002044852640804034 0.9893810428521692 -1.973918131764996 2
207 0.002003129650490169 0.989439927139912 -1.976333085341506 2
208 0.0019961228191054284 0.9894986054538304 -1.9787530244071265 2
209 0.001976548783517941 0.9895567083665789 -1.9811625939660729 2
210 0.0019453031910897376 0.9896138927793916 -1.9835471982941866 2
211 0.0019421550306261868 0.989670984648426 -1.9859410771018582 2
212 0.001936747383731538 0.9897279175534934 -1.9883415034964875 2
213 0.0019311141860217295 0.9897846848642695 -1.990748231126714 2
214 0.0019306274463392248 0.9898414378667756 -1.9931677587644876 2
215 0.0019177833133987119 0.9898978133012999 -1.9955846095451115 2
216 0.001899661822970212 0.9899536560338811 -1.9979919565736322 2
1 10.036344852110997 0.3703870369072703 -0.20092633887376227 3
2 1.6707546710007204 0.4320455272351288 -0.2456864759429292 3
3 1.4430644260941308 0.4853012059431868 -0.2884468493039107 3
4 1.0366334025162085 0.5235577206380083 -0.32198970630159984 3
5 0.9949998458874145 0.5602777666380133 -0.35682157490267147 3
6 0.6661151200060904 0.5848604617499986 -0.38180590206818815 3
7 0.5753370318506787 0.606093030139214 -0.4046063346381826 3
8 0.5708511247432845 0.6271600480351142 -0.4284775566500516 3
9 0.5584671002176397 0.6477700387745515 -0.4531737050369491 3
10 0.507501021673273 0.6664991480683038 -0.4769030523358519 3
11 0.4006424799297963 0.681284688340883 -0.49659707173390055 3
12 0.38227141521743696 0.6953922522860331 -0.5162590545566701 3
13 0.3737650111293932 0.7091858910072764 -0.5363845272867125 3
14 0.36876825089446996 0.7227951264178702 -0.557199138594069 3
15 0.35092916763201665 0.7357460180501181 -0.577978459741136 3
16 0.29814499243590464 0.7467489321532387 -0.5964487147377581 3
17 0.278605554262646 0.7570307516034287 -0.6144486897630143 3
18 0.2742229726561729 0.7671508337439561 -0.6329253127711799 3
19 0.25751382885235824 0.7766542720411375 -0.6510223500720898 3
20 0.24545106750492568 0.7857125392627698 -0.6690032414264702 3
21 0.2288118102854009 0.7941567417757169 -0.6864633524407925 3
22 0.21480974362233687 0.8020842039754991 -0.7035195425671772 3
23 0.20487341765909808 0.8096449702929157 -0.7204356434349912 3
24 0.19462429252208577 0.816827497007536 -0.737139720050923 3
25 0.17940163880425616 0.8234482381630216 -0.7531279441883385 3
26 0.17682651524342785 0.8299739454790546 -0.769484522929614 3
27 0.17075574549747324 0.8362756136203598 -0.7858866285823836 3
28 0.16810091742801347 0.8424793064612311 -0.8026623847356237 3
29 0.13667619683126192 0.8475232833578039 -0.8167964684865006 3
30 0.12997052888692262 0.8523197904317485 -0.830677700024348 3
31 0.12600604047429034 0.856969989747476 -0.844572830229569 3
32 0.1093302754197206 0.8610047770483974 -0.8570001255114411 3
33 0.1056437895458035 0.8649035161565196 -0.8693559542144316 3
34 0.10351155956227609 0.868723566224235 -0.8818132297348484 3
35 0.09134513924624506 0.872094619726266 -0.8931111867641242 3
36 0.08802275505497056 0.875343062053192 -0.9042835452535609 3
37 0.08182502092171559 0.8783627796386928 -0.9149335128582166 3
38 0.07436028674581768 0.8811070143852265 -0.9248437669007223 3
39 0.06889075735081812 0.8836493984763931 -0.9342313671025808 3
40 0.06819182353242823 0.886165988712346 -0.9437279601930889 3
41 0.0655011674476181 0.888583281430201 -0.9530496364708578 3
42 0.06366366333191864 0.8909327618404136 -0.9623056840886114 3
43 0.06284305831083646 0.893251958171441 -0.9716400828682914 3
44 0.058890434420735535 0.8954252845994074 -0.98057330867533 3
45 0.054278813909291235 0.8974284211343657 -0.9889729594164207 3
46 0.05276363661731308 0.89937564069598 -0.9972968718575113 3
47 0.0515747410713713 0.9012789845732749 -1.0055903862124191 3
48 0.05043337367076302 0.9031402067722334 -1.0138564624021764 3
49 0.04962250500682089 0.9049715042081247 -1.0221461451376859 3
50 0.04783591478489448 0.9067368682919625 -1.0302900053442756 3
51 0.04614737985284627 0.9084399177125027 -1.0382938256852408 3
52 0.045953131188663815 0.9101357984687324 -1.0464132801655603 3
53 0.045070991562592276 0.9117991242373592 -1.0545271026573626 3
54 0.04474972673425613 0.9134505938641752 -1.0627359077171732 3
55 0.043461385453300694 0.9150545178041288 -1.0708597140236384 3
56 0.041850385296724114 0.9165989884686877 -1.0788286819785304 3
57 0.04166353868361778 0.9181365636384818 -1.0869100290344846 3
58 0.03857735063297942 0.9195602443512542 -1.0945292573264458 3
59 0.038138412538807745 0.9209677262404027 -1.1021955232228502 3
60 0.037478633964377686 0.9223508592819579 -1.109863345904226 3
61 0.036159872697146225 0.9236853239999996 -1.1173919352703257 3
62 0.03549116258234107 0.92499511025575 -1.1249104230119888 3
63 0.03240497453170271 0.9261910020544788 -1.131890690753054 3
64 0.030571491181779074 0.9273192299302153 -1.1385804798878552 3
65 0.030571491181779074 0.9284474578059518 -1.1453749315585209 3
66 0.029806334848079596 0.929547447912721 -1.1521032702998673 3
67 0.029318786481064424 0.930629445254428 -1.1588248325009372 3
68 0.029264672746642368 0.9317094455517883 -1.165639361248188 3
69 0.028743309106325665 0.9327702051458114 -1.172438213954704 3
70 0.02850872259393632 0.9338223074243972 -1.179288379502444 3
71 0.02850872259393632 0.9348744097029832 -1.1862483272382887 3
72 0.02534630646580564 0.9358098043597779 -1.192531300661891 3
73 0.02506281284488862 0.936734736805102 -1.1988346808771562 3
74 0.024134864196168462 0.9376254237003315 -1.204992391450172 3
75 0.023469148144782365 0.9384915426279065 -1.2110651649155881 3
76 0.022186088501752643 0.93931031078522 -1.2168850864780891 3
77 0.02204153979399875 0.9401237444339708 -1.222745366609849 3
78 0.0216472557354282 0.940922627197284 -1.2285788262011992 3
79 0.020242230423060076 0.941669658099198 -1.23410547796401 3
80 0.01948295711436892 0.9423886683426796 -1.239492086156184 3
81 0.019329424072874617 0.943102012514584 -1.2449030945791957 3
82 0.018790221731015994 0.9437954576534603 -1.2502285841405596 3
83 0.01862772394240983 0.9444829058805809 -1.255573273837943 3
84 0.018468479001503852 0.9451644772409067 -1.2609380119495956 3
85 0.018442921052121402 0.9458451053959838 -1.2663622850506564 3
86 0.017541494400805824 0.9464924667839969 -1.2715850702436877 3
87 0.017227341123531265 0.9471282344789653 -1.2767761871692984 3
88 0.017057564999900306 0.9477577366583209 -1.2819780159690313 3
89 0.01664361168118273 0.9483719620665612 -1.2871143795212892 3
90 0.016608535713784147 0.9489848930111473 -1.2923011982085069 3
91 0.01616569091838968 0.9495814809569632 -1.29740991512294 3
92 0.015541409743779567 0.9501550300716242 -1.3023786616767297 3
93 0.015150941661094024 0.9507141691278141 -1.3072779176087808 3
94 0.014988590020598028 0.9512673166657827 -1.3121796747020327 3
95 0.014983100186208865 0.9518202616037484 -1.317135562440059 3
96 0.014949695218443972 0.9523719737455909 -1.3221374156452401 3
97 0.014844302310244056 0.9529197964069944 -1.327161667767267 3
98 0.014789887435973537 0.9534656109106133 -1.3322259831984173 3
99 0.014456995257185952 0.9539991401699994 -1.3372340505807152 3
100 0.014345126471333063 0.9545285409594373 -1.34226111038475 3
101 0.014324612042890409 0.955057184672621 -1.3473397258009847 3
102 0.014091652506538205 0.9555772311132258 -1.352394375216411 3
103 0.013962632511204297 0.9560925161257932 -1.3574614495013275 3
104 0.013669935494526915 0.9565969992794849 -1.3624802439595785 3
105 0.01366519179594423 0.9571013073689987 -1.367555943055221 3
106 0.013423428299720323 0.9575966932795401 -1.3726002746701818 3
107 0.013414083953557393 0.9580917343409618 -1.3777003117334392 3
108 0.013044992939305382 0.9585731542555286 -1.382718132787168 3
109 0.01294594678168952 0.9590509189137868 -1.3877558395363996 3
110 0.01277432336131457 0.9595223498827313 -1.3927847078956763 3
111 0.012038280471141251 0.959966617501956 -1.3975777139624823 3
112 0.011586014211424842 0.9603941944272778 -1.4022411488372284 3
113 0.011245683568366732 0.9608092115950077 -1.4068159996886844 3
114 0.010662476988725108 0.9612027057720351 -1.411198561592384 3
115 0.010430941061624188 0.9615876552141776 -1.4155291816017421 3
116 0.010397705061535114 0.9619713780958767 -1.4198894124343022 3
117 0.01032519366253243 0.9623524249752448 -1.4242629925651387 3
118 0.010083489994355547 0.9627245518835692 -1.4285771268602572 3
119 0.009534603134701928 0.9630764223558563 -1.4326962254187852 3
120 0.009433909969899606 0.9634245767897353 -1.436810639999116 3
121 0.009286673506308985 0.9637672975245658 -1.4408992721924185 3
122 0.009269799257436765 0.9641093955224205 -1.4450192271204663 3
123 0.009209395911645388 0.9644492643604968 -1.449151408130519 3
124 0.008874435400701064 0.9647767716234223 -1.4531708413875324 3
125 0.008783045034222925 0.9651009061637539 -1.4571858494599368 3
126 0.008722090349439346 0.9654227911973762 -1.461210067468797 3
127 0.008658669991469903 0.9657423357296692 -1.46524225109284 3
128 0.00859600845221737 0.9660595677645147 -1.4692826311906817 3
129 0.008501418509970216 0.9663733089977838 -1.4733158668567279 3
130 0.008345847085355273 0.966681308933814 -1.4773120683066232 3
131 0.008228231224635082 0.9669849683065426 -1.4812882814808672 3
132 0.008148257857859375 0.9672856762961943 -1.4852620533494556 3
133 0.00812911664284639 0.9675856778874493 -1.48926305645679 3
134 0.008021086761755678 0.9678816926819028 -1.4932473507464292 3
135 0.007808647599078427 0.9681698674994379 -1.4971615535202725 3
136 0.007682996064560177 0.9684534052005487 -1.5010475124775549 3
137 0.007650933310914249 0.968735759639377 -1.50495211907663 3
138 0.007207982399149317 0.9690017671632554 -1.5086630639439904 3
139 0.007172749978982108 0.969266474449657 -1.512387617445027 3
140 0.007153134267004303 0.9695304578265531 -1.5161340713119333 3
141 0.007091281933772461 0.9697921585694059 -1.519880307109208 3
142 0.006841353049268889 0.9700446357931058 -1.52352539575037 3
143 0.006694566647049967 0.9702916959270805 -1.5271221396064738 3
144 0.006623272469448428 0.9705361249797622 -1.5307101363380529 3
145 0.006615349698315055 0.9707802616459459 -1.5343236772415325 3
146 0.006607317199220207 0.9710241018761679 -1.5379630939604196 3
147 0.006421933135846223 0.9712611005864008 -1.5415298676476163 3
148 0.006415185482974784 0.9714978502773751 -1.545122382887465 3
149 0.0062163833151178275 0.9717272632589231 -1.5486321506890586 3
150 0.006191019996208373 0.9719557402179773 -1.5521560185471537 3
151 0.006093410671892554 0.9721806149464445 -1.5556524743008107 3
152 0.006084544366054309 0.9724051624676667 -1.5591721585481237 3
153 0.006006651999291098 0.9726268354042322 -1.5626749911528475 3
154 0.0059596552695836535 0.9728467739464819 -1.5661785648225124 3
155 0.005738199983185687 0.9730585397756032 -1.5695788692584802 3
156 0.005664124677382128 0.9732675718870782 -1.5729615923788562 3
157 0.005663867647247352 0.9734765945129655 -1.5763707152116193 3
158 0.005565540320980514 0.9736819884107093 -1.579746926168272 3
159 0.00547394787142336 0.9738840021280694 -1.5830933754561798 3
160 0.005405986799361988 0.9740835077709782 -1.5864237801421333 3
161 0.005350062666483734 0.9742809495575555 -1.5897450697765585 3
162 0.005260016651253557 0.9744750682342499 -1.593035410212563 3
163 0.005208936905183844 0.974667301834647 -1.5963185513891518 3
164 0.005174933355068416 0.9748582805484935 -1.5996050240738728 3
165 0.005161170940084956 0.9750487513662701 -1.6029077161259593 3
166 0.005147474168765554 0.9752387167105284 -1.6062268511263202 3
167 0.005137229358555884 0.9754283039744245 -1.609564865940451 3
168 0.005111017267485636 0.9756169238922513 -1.6129115057583157 3
169 0.00510166052883656 0.9758051985036189 -1.6162779366626099 3
170 0.005088965413610328 0.97599300460716 -1.6196621908785487 3
171 0.005033687076780787 0.976178770687198 -1.623035830175221 3
172 0.004805321599432878 0.9763561090364504 -1.6262810521161604 3
173 0.0046992053147245656 0.9765295312093617 -1.6294782358741762 3
174 0.004696545570203292 0.9767028552255329 -1.632697301492274 3
175 0.0046103340397296395 0.9768729976418498 -1.6358806553262968 3
176 0.004546919298162463 0.9770407997641084 -1.6390432442875031 3
177 0.004469694062045784 0.9772057519218827 -1.6421747294506366 3
178 0.004399544934411337 0.977368115255946 -1.6452792772490517 3
179 0.004272884830004608 0.9775258042527424 -1.6483158408084218 3
180 0.004204656399503777 0.9776809753083381 -1.6513247873457475 3
181 0.004156763287113584 0.9778343788889967 -1.6543200946690895 3
182 0.0041389151384591955 0.9779871237913227 -1.6573232086984233 3
183 0.004104126080425377 0.9781385848182624 -1.6603217277602376 3
184 0.004083438720903394 0.9782892823870003 -1.6633258213997846 3
185 0.004065401552805821 0.9784393143017233 -1.6663374313219235 3
186 0.004027275911045517 0.9785879392058572 -1.669341532217278 3
187 0.004000195039617112 0.9787355647019523 -1.6723461459947826 3
188 0.0039591042421049235 0.978881673759647 -1.675340505332535 3
189 0.003955754144022475 0.9790276591833972 -1.6783530932829729 3
190 0.003848464953304164 0.979169685145209 -1.6813041655460172 3
191 0.0038333686641098914 0.9793111539848904 -1.6842637327874794 3
192 0.003803117581657058 0.9794515064212442 -1.6872200109856834 3
193 0.0037648173333000466 0.9795904454032268 -1.690166472906385 3
194 0.0036894773905807856 0.9797266039966759 -1.6930734963997547 3
195 0.0035877514936172514 0.9798590084391758 -1.6959191525115926 3
196 0.003572279749463303 0.97999084190354 -1.6987711843150035 3
197 0.003558014768149133 0.9801221489248377 -1.7016305674559744 3
198 0.0035565434020771503 0.9802534016459965 -1.704507707294393 3
199 0.0035545782158109903 0.9803845818427921 -1.7074024292406773 3
200 0.0035408336105082956 0.9805152548007766 -1.7103052690755405 3
201 0.0034753503099995207 0.9806435111254151 -1.7131734177241202 3
202 0.0034742137450732334 0.9807717255056084 -1.716059686702083 3
203 0.0032998672108425125 0.9808935057011299 -1.7188189909315796 3
204 0.0032785496393595327 0.9810144991807452 -1.7215779421022726 3
205 0.003275787767512089 0.9811353907346549 -1.7243521857273332 3
206 0.003267564582994102 0.9812559788154386 -1.7271372335696016 3
207 0.003251261669535658 0.9813759652441368 -1.7299262265563278 3
208 0.0032000245677074354 0.9814940607893905 -1.7326888687621043 3
209 0.003166430282444008 0.9816109165518389 -1.735439916402257 3
210 0.0031456212461853125 0.9817270043656571 -1.738190249537522 3
211 0.003096514952619732 0.981841279932603 -1.7409147663466853 3
212 0.00303768906034925 0.9819533845550216 -1.743604235940963 3
213 0.0030299355081124415 0.9820652030358935 -1.7463035355125363 3
214 0.0030296480832509125 0.9821770109094733 -1.7490194587357497 3
215 0.003007915509650902 0.9822880167516701 -1.7517328072129432 3
216 0.002996997319213188 0.9823986196626939 -1.7544532725626334 3
217 0.0029771143978390706 0.9825084888029634 -1.7571726675835186 3
218 0.00292752681907237 0.9826165279347351 -1.759863475977903 3
219 0.002908840846691179 0.9827238774686458 -1.76255372436856 3
220 0.002857510254888495 0.9828293326689039 -1.7652128258303055 3
221 0.0028245178982194783 0.9829335703002756 -1.7678573238698023 3
222 0.002822813016749308 0.9830377450137219 -1.7705164125157533 3
223 0.0027754569417696062 0.9831401720713682 -1.7731468620972215 3
224 0.0027539816970619966 0.983241806594245 -1.7757728017081977 3
225 0.002718206870914287 0.983342120862383 -1.7783802932931387 3
226 0.002716936362426578 0.9834423882429456 -1.7810023049624428 3
227 0.0026866642126840393 0.9835415384427012 -1.7836107625867927 3
228 0.002637710523847714 0.9836388820273969 -1.7861870238466215 3
229 0.002623713161849014 0.9837357090454031 -1.788764865134548 3
230 0.002611346736089706 0.9838320796857278 -1.7913458399651156 3
231 0.0025485902273329817 0.983926134323796 -1.7938796652433822 3
232 0.0025392478403424056 0.984019844185047 -1.7964189904009762 3
233 0.002463735965514616 0.984110767312683 -1.7988970749581512 3
234 0.00245260803094612 0.9842012797686281 -1.8013780914610038 3
235 0.002439592939964873 0.9842913119081778 -1.8038600834688219 3
236 0.0024394164226153856 0.9843813375334298 -1.8063561604881513 3
237 0.0024300493286422194 0.9844710174700638 -1.8088569986249576 3
238 0.0023981755739599345 0.9845595211193415 -1.8113392343110148 3
239 0.0023972180047384115 0.9846479894299346 -1.8138347392549 3
240 0.002396214027529013 0.984736420689176 -1.8163436123402883 3
241 0.00232622403566677 0.9848222689975441 -1.818793148517379 3
242 0.002303038738915205 0.9849072616623996 -1.8212319572411024 3
243 0.002267505538044526 0.9849909429895942 -1.8236465927695302 3
244 0.0022567473650163153 0.9850742272909901 -1.826063176140144 3
245 0.0022554727180807313 0.9851574645520831 -1.8284919051900912 3
246 0.002231514920135932 0.9852398176608357 -1.8309082774449712 3
247 0.0022029669803168327 0.9853211172200146 -1.8333069976182785 3
248 0.002193199451143653 0.985402056312685 -1.8357083160065073 3
249 0.0021850044118301624 0.9854826929709157 -1.8381139381040656 3
250 0.002160625974316489 0.9855624299532817 -1.840505895693343 3
251 0.00215065995750324 0.9856417991440372 -1.8428999756424103 3
252 0.0021452005421364385 0.9857209668573913 -1.8453011983753629 3
253 0.0021157006547027958 0.9857990458899499 -1.847682475982455 3
254 0.0020824030451429324 0.985875896088394 -1.8500390959750486 3
255 0.00207135249619659 0.9859523384710304 -1.8523959654094742 3
256 0.0020668296374880047 0.9860286139394904 -1.8547605066581405 3
257 0.0020550212333472926 0.9861044536238194 -1.8571243719887962 3
258 0.002044032615028097 0.9861798877778644 -1.859488430387553 3
259 0.0020287874627412266 0.98625475931605 -1.8618476511063473 3
260 0.002021772540436299 0.9863293719715125 -1.8642115334905935 3
261 0.0020160052377900615 0.9864037717871244 -1.8665815543890079 3
262 0.0019891808975488947 0.9864771816618718 -1.8689327861206808 3
263 0.001988022096703915 0.986550548771567 -1.8712954356114253 3
264 0.0019750958793397105 0.9866234388447097 -1.8736555205917986 3
265 0.001974653944389276 0.9866963126084313 -1.876027968667654 3
266 0.0019718332497003902 0.9867690822756152 -1.8784100311856413 3
267 0.0019501206872855523 0.9868410506499207 -1.880778784709777 3
268 0.0019307501722219485 0.9869123041636088 -1.883136806743646 3
269 0.0019290310647101822 0.9869834942343654 -1.8855055849208562 3
270 0.0018973005522413425 0.9870535133040588 -1.8878480706234648 3
271 0.0018872322743124488 0.9871231608082387 -1.8901907278178152 3
272 0.0018788180779713713 0.9871924977900824 -1.8925355605146768 3
273 0.0018732308247411192 0.9872616285767226 -1.8948860921807615 3
274 0.0018568070844790932 0.9873301532522157 -1.8972286382336985 3
275 0.0018509171245174383 0.9873984605612424 -1.8995763970317352 3
276 0.0018387825284029706 0.9874663200481619 -1.9019213992263844 3
277 0.0018370702126603029 0.9875341163427975 -1.9042769306504022 3
278 0.001833607234075756 0.9876017848376818 -1.906640831043271 3
279 0.0017995318011761806 0.9876681957932119 -1.9089733792250079 3
280 0.0017851623439541363 0.9877340764500364 -1.9112997464749097 3
281 0.001779721931253937 0.9877997563307449 -1.913631495296063 3
282 0.0017789848734979736 0.9878654090106506 -1.91597485749127 3
283 0.0017789848734979736 0.9879310616905561 -1.91833093260605 3
284 0.001765472096963501 0.9879962156871925 -1.9206818166959596 3
285 0.0017616522158365793 0.9880612287127412 -1.9230403675636063 3
286 0.001758662087570622 0.9881261313888783 -1.9254077610172131 3
287 0.0017462456226503187 0.98819057584066 -1.9277712785522911 3
288 0.0017240197380350535 0.9882542000556256 -1.9301174003766104 3
289 0.001720314022721436 0.9883176875127442 -1.9324711811064432 3
290 0.0017159558855763051 0.9883810141346655 -1.934831776619495 3
291 0.0017138121523309615 0.9884442616430236 -1.9372022999368534 3
292 0.0017031120524283075 0.9885071142687468 -1.9395709112762822 3
293 0.0016925605237622363 0.9885695774947938 -1.9419377163861384 3
294 0.0016772156797463004 0.9886314744259007 -1.9442958569089726 3
295 0.0016607848883303871 0.9886927649856406 -1.9466435811765581 3
296 0.0016239677230126506 0.988752696823558 -1.9489515980853198 3
297 0.001610969263409804 0.9888121489588538 -1.9512533246064554 3
298 0.0015944114346335973 0.988870990034523 -1.953543468698042 3
299 0.0015767071801444845 0.9889291777422123 -1.9558201217808868 3
300 0.001576356956999944 0.9889873525250655 -1.9581082627232407 3
301 0.0015673972207017528 0.9890451966526626 -1.9603954141719895 3
302 0.0015515138134487168 0.9891024546098721 -1.962671313396214 3
303 0.0015189918305441694 0.9891585123571388 -1.9649111208643113 3
304 0.0014979187887845546 0.9892137924127649 -1.967131225701556 3
305 0.0014959678693304203 0.9892690004705383 -1.9693598241745336 3
306 0.0014907882267172557 0.9893240173758047 -1.9715921417243787 3
307 0.0014816005773652127 0.9893786952147807 -1.9738221286205249 3
308 0.0014688701611398278 0.9894329032431618 -1.9760443159731733 3
309 0.0014659981691074351 0.9894870052818988 -1.9782735537827492 3
310 0.001448403644849121 0.9895404580022036 -1.9804873319299814 3
311 0.0014396022079580077 0.9895935859092242 -1.9826988967024404 3
312 0.0014389903543836052 0.9896466912360491 -1.9849208339478444 3
313 0.001437320066215209 0.9896997349215997 -1.9871515985370436 3
314 0.0014330650426826607 0.9897526215773171 -1.9893872255531708 3
315 0.0014223389158408669 0.9898051123898868 -1.991617557583408 3
316 0.0014144804186820696 0.989857313187962 -1.993846984541546 3
317 0.0014104671031351997 0.9899093658763344 -1.996081540625795 3
318 0.0013848683141593052 0.9899604738522905 -1.9982867848295902 3
1 10.036344852110998 0.4098376517473613 -0.2290285014909569 5
2 1.667493383489058 0.4779303271848413 -0.28227153435406593 5
3 1.6096414999439461 0.5436606007269438 -0.3407120336419761 5
4 1.4722088126669535 0.6037787624238573 -0.4020622498602282 5
5 1.1910667024921837 0.652416387736343 -0.45894070768723544 5
6 1.1897350216976994 0.700999633397897 -0.5243282791900425 5
7 1.0073007665615998 0.7421331124536801 -0.5886044216432688 5
8 0.8191571899800045 0.7755836827659146 -0.6489455688637861 5
9 0.8182483288718699 0.8089971394169695 -0.7189601284270257 5
10 0.8182483288718699 0.8424105960680246 -0.8024729871547053 5
11 0.5957506836218216 0.8667382835678316 -0.8752945972496428 5
12 0.5618972886361573 0.8896835558448611 -0.9573597452793603 5
13 0.5618972886361573 0.9126288281218908 -1.0586318392134633 5
14 0.38251783311960774 0.9282490776038778 -1.1441725114724217 5
15 0.3825178331196075 0.9438693270858647 -1.2507997512750006 5
16 0.3278055195107335 0.9572553801087282 -1.3691185405515545 5
17 0.3278055195098956 0.9706414331315578 -1.5322651482218506 5
18 0.18523256473529615 0.9782054696883813 -1.6616524859154043 5
19 0.12966279531470726 0.9835002952781577 -1.7825238278359117 5
20 0.1038822051072427 0.9877423614513358 -1.9115931892031142 5
1 10.036344852110998 0.36528155801472 -0.19741888291168494 6
2 2.723460742705279 0.4644042962173699 -0.2711629152876986 6
3 2.4837040620743562 0.5548008801142637 -0.35144570289336247 6
4 2.1452251722739293 0.6328782284684102 -0.4351898596374936 6
5 1.5642981242890774 0.6898122282920244 -0.5083753270395877 6
6 0.6401135381494877 0.7131097209516534 -0.5422841670805467 6
7 0.5816963514433681 0.7342810689551068 -0.5755775033411237 6
8 0.5754902999950113 0.7552265422825126 -0.6112356771792148 6
9 0.5308922866653848 0.7745488318678829 -0.6469475101377685 6
10 0.472322546570887 0.7917394244829428 -0.6813929357935142 6
11 0.4585423499164672 0.8084284747757878 -0.7176690430498168 6
12 0.43312510115523395 0.8241924420464012 -0.7549624585740395 6
13 0.4076533335036525 0.8390293420320357 -0.7932532807628511 6
14 0.2893654044942606 0.8495610492767296 -0.8226397043421859 6
15 0.28204793019399016 0.859826430637596 -0.8533338676973415 6
16 0.26545988911516294 0.869488075720069 -0.8843498070046834 6
17 0.20316114042616978 0.8768823032995756 -0.9096795179300926 6
18 0.18913856152673883 0.8837661668428474 -0.9346674398048853 6
19 0.16536226496554524 0.8897846712559109 -0.9577579996220728 6
20 0.1645902018690801 0.8957750757566141 -0.9820284118715276 6
21 0.1521332837683016 0.9013120998166325 -1.0057360915626312 6
22 0.14192050266662432 0.906477420766858 -1.029083524394603 6
23 0.13890430257105799 0.9115329644738315 -1.0532185254152966 6
24 0.12567532137381437 0.9161070278277597 -1.0762744190837366 6
25 0.12203110219501767 0.9205484566340519 -1.0998976620965686 6
26 0.11671850490984464 0.9247965288108116 -1.1237621130849784 6
27 0.11671850490984464 0.929044600987571 -1.1490145533834395 6
28 0.11244634017657075 0.9331371839884544 -1.1748153365002367 6
29 0.10377115235267675 0.9369140259330987 -1.200067186911941 6
30 0.09921735897932714 0.9405251285809368 -1.2256664882070762 6
31 0.08598837778208372 0.9436547508757298 -1.249142696584977 6
32 0.08467053091720322 0.946736408980061 -1.2735695568687233 6
33 0.073131641183403 0.9493980990898849 -1.2958331681549244 6
34 0.07059819809146312 0.951967582320272 -1.3184655528875986 6
35 0.06097708417664692 0.9541868966861545 -1.3390102887427926 6
36 0.05571482305645208 0.9562146864512993 -1.358671535941848 6
37 0.044495426693529225 0.9578341364628962 -1.3750390010985554 6
38 0.03969407908240988 0.959278837224462 -1.3901798293994434 6
39 0.038431595314261165 0.9606775887839436 -1.4053598594634702 6
40 0.02869633828022886 0.9617220171401608 -1.4170509563686233 6
41 0.027084122190987076 0.9627077674802665 -1.428381616585637 6
42 0.026646599831641082 0.9636775938110395 -1.439825389226552 6
43 0.02611947615728626 0.9646282350141719 -1.4513432691509993 6
44 0.02459686138305331 0.965523459319501 -1.4624763170567288 6
45 0.0238482173610005 0.966391436070187 -1.4735500442303822 6
46 0.02329299141557282 0.9672392048864722 -1.4846455663369198 6
47 0.022547122934465532 0.9680598271663571 -1.4956627381507506 6
48 0.02233506996109926 0.9688727315926177 -1.5068589894251643 6
49 0.021576958564714737 0.9696580438908574 -1.5179564242077577 6
50 0.02133129915840166 0.970434415199922 -1.5292135263406719 6
51 0.02122529046063921 0.9712069282296181 -1.5407120002222054 6
52 0.020497384485877755 0.971952948484059 -1.552112787800409 6
53 0.019305699768428976 0.9726555963298522 -1.5631315433293187 6
54 0.01844764603728998 0.9733270145588492 -1.5739283720845996 6
55 0.01842427228374801 0.9739975820796213 -1.584986265850196 6
56 0.01703075470661799 0.9746174313081072 -1.5954644298273815 6
57 0.016397907588702243 0.97521424751166 -1.605797891502711 6
58 0.014788274926415816 0.975752479725187 -1.6153326688568022 6
59 0.014763182175857389 0.9762897986660878 -1.6250647582176847 6
60 0.014709805510784655 0.9768251749165304 -1.634983535093741 6
61 0.014053541398537263 0.9773366658600289 -1.6446761980880575 6
62 0.013897076026478963 0.9778424621093212 -1.6544784993541768 6
63 0.013632430697340296 0.9783386263601543 -1.6643140063769333 6
64 0.013012068603497892 0.9788122119894367 -1.673914380946141 6
65 0.012929258086654282 0.9792827836574551 -1.683668598747608 6
66 0.012775963558138557 0.9797477760368944 -1.6935272785297615 6
67 0.012772930604364751 0.9802126580293257 -1.703612540558554 6
68 0.012680149036230548 0.9806741631553515 -1.7138616912443494 6
69 0.012003698862626559 0.9811110482850567 -1.7237921435629897 6
70 0.0118049747747713 0.9815407006775956 -1.7337847879357078 6
71 0.01145701786027984 0.9819576888735846 -1.7437078323616235 6
72 0.01129655349164061 0.9823688368283856 -1.7537190352701633 6
73 0.010830876820464415 0.9827630360730252 -1.763539227251306 6
74 0.01068069146288832 0.983151769190084 -1.773445696563011 6
75 0.010513133027938404 0.9835344038712002 -1.7834225412495759 6
76 0.009719689025829845 0.9838881604631756 -1.7928548720522959 6
77 0.008963484265211943 0.9842143943208086 -1.8017387499716875 6
78 0.008926245023721286 0.9845392728236433 -1.8107700834285516 6
79 0.008649287169758055 0.9848540712028978 -1.8197040891790608 6
80 0.008432124839122325 0.9851609657689969 -1.8285943633288706 6
81 0.008132801021612727 0.9854569661826906 -1.8373449860025601 6
82 0.007339357019504169 0.9857240885072436 -1.845396153230152 6
83 0.006959039699694287 0.9859773688499628 -1.8531704894556462 6
84 0.00690543860105271 0.9862286983337675 -1.8610250082002453 6
85 0.006758573780160945 0.9864746825438313 -1.8688525326654364 6
86 0.00654591301739561 0.9867129267792435 -1.8765706717327735 6
87 0.006420846418522696 0.9869466191062899 -1.8842769892209759 6
88 0.006312863086081443 0.9871763812854095 -1.8919894033653208 6
89 0.0061708717123208625 0.9874009755641635 -1.8996630817503537 6
90 0.006166210796903703 0.9876254002048198 -1.9074688376109894 6
91 0.006160380172188289 0.987849612634785 -1.9154098761484952 6
92 0.006049141031806883 0.9880697764188426 -1.9233514172556405 6
93 0.0059362542359926804 0.9882858315891311 -1.9312885365497092 6
94 0.00584867348305078 0.9884986991812365 -1.939253037345348 6
95 0.0057524690152870655 0.9887080653275075 -1.9472316430524041 6
96 0.00558316964448078 0.9889112696749517 -1.9551181783226965 6
97 0.005478852066238752 0.9891106772928024 -1.9629991316008941 6
98 0.005451662053462666 0.9893090953063326 -1.9709855420463378 6
99 0.005435263251427573 0.989506916471105 -1.979096869976138 6
100 0.004995467576640698 0.9896887308872392 -1.9866878783878146 6
101 0.004967069870932651 0.9898695117440108 -1.9943696225793257 6
