x y yc yclog atom
1 5538.801685407327 0.38860307512834624 -0.213676749964903 1
2 3399.450517357508 0.6271089830528371 -0.42841807879280663 1
3 452.6154679384407 0.6588645454798026 -0.4670731416236673 1
4 173.76561957187448 0.6710559648431493 -0.48287798439052954 1
5 170.14550249746034 0.6829933963030931 -0.4989316907183529 1
6 159.28515127421826 0.6941688640528277 -0.5145183021751956 1
7 144.80468297656205 0.7043283801889499 -0.529190359447387 1
8 144.3723282931484 0.714457562262027 -0.5443293371352046 1
9 138.4104394114985 0.7241684574050832 -0.5593560717655761 1
10 134.12699170939987 0.7335788252782116 -0.5744312611106903 1
11 130.32421467890586 0.7427223898007218 -0.5895980069882606 1
12 119.54788143441579 0.7511098853257717 -0.6039923521969113 1
13 117.90964734819237 0.759382442125833 -0.618672685351747 1
14 115.84374638124964 0.7675100550347308 -0.6335958253139377 1
15 111.35911138440386 0.7753230253458997 -0.6484414326678734 1
16 101.36327808359344 0.7824346866411852 -0.6624103434299687 1
17 88.8207476437047 0.7886663623049807 -0.6750313713686605 1
18 87.63332783005987 0.7948147284341045 -0.6878538165973871 1
19 87.26753805039708 0.80093743070283 -0.7010103947990067 1
20 86.88280978593741 0.8070331403845035 -0.714517270898738 1
21 76.2165977032134 0.8123805071843153 -0.726722042382842 1
22 62.430825377841394 0.8167606623338575 -0.7369812866867166 1
23 59.676521156351285 0.8209475751268211 -0.7470197930440926 1
24 57.85325326693701 0.8250065671981462 -0.7569782493218938 1
25 48.685697127766915 0.828422362291237 -0.7655393158611277 1
26 46.2773542832559 0.8316691877247342 -0.7738363808968792 1
27 46.01981262705642 0.834897944000811 -0.7822475184783153 1
28 45.89170239653696 0.8381177120457934 -0.7908006661604752 1
29 45.89170239653696 0.8413374800907758 -0.7995256524450239 1
30 45.835563617559764 0.8445533094314349 -0.8084185195719628 1
31 45.55746877605069 0.8477496276004135 -0.8174416364232467 1
32 42.04543629447005 0.850699541095636 -0.8259388573833019 1
33 39.97068202713566 0.8535038895509427 -0.8341739059101176 1
34 37.04249420339306 0.8561027959526266 -0.8419476444135967 1
35 35.587058332325256 0.8585995887768124 -0.8495493275143563 1
36 34.11287879543196 0.8609929529653717 -0.8569631824029192 1
37 33.8481466335172 0.8633677435096575 -0.8644467592049053 1
38 33.834170018645 0.8657415534527542 -0.8720583821761402 1
39 32.37871092778003 0.8680132481892487 -0.8794696589777582 1
40 30.885928868787975 0.8701802091346512 -0.8866590948359084 1
41 30.737258318096394 0.8723367393341157 -0.8939340673861097 1
42 30.72750177756752 0.8744925850133778 -0.9013306152774121 1
43 30.289243324159347 0.8766176824202935 -0.9087470763466607 1
44 29.728331410748982 0.8787034261715255 -0.9161514661441618 1
45 28.045595670517915 0.8806711089557067 -0.9232543953735022 1
46 27.347366781703187 0.8825898039066437 -0.930294186607961 1
47 25.80194801687648 0.8844000720680903 -0.9370424366662139 1
48 25.119757730562252 0.8861624776668128 -0.9437145652141326 1
49 24.86124252882108 0.8879067458040284 -0.95042052258449 1
50 23.55830036323505 0.8895595993427405 -0.9568720264902056 1
51 22.717471811306915 0.8911534602365642 -0.9631853726452302 1
52 22.37511827593897 0.8927233015600582 -0.9694946008479086 1
53 22.17760058805325 0.8942792850158644 -0.9758399084175998 1
54 21.314652709593616 0.895774723931842 -0.9820269458565571 1
55 20.836597423208453 0.8972366224242908 -0.9881616299955475 1
56 20.799387275404236 0.8986959102477388 -0.9943730213624612 1
57 19.888994023056863 0.9000913247575111 -1.0003967995982084 1
58 19.442904623486832 0.9014554415746957 -1.0063673522177248 1
59 19.438135320356004 0.9028192237769276 -1.0124196363694238 1
60 19.438135320356004 0.9041830059791598 -1.0185574579888255 1
61 19.16113728444747 0.9055273539617406 -1.0246939205311474 1
62 19.07100505595218 0.9068653782549837 -1.0308888449291806 1
63 19.066425589606897 0.908203081252249 -1.0371718960679008 1
64 18.781166081140984 0.9095207704038314 -1.0434511059556917 1
65 18.22595665172795 0.9107995059867784 -1.0496327403926884 1
66 17.990133507376886 0.912061696186033 -1.0558219154656725 1
67 17.402869770174757 0.9132826838820839 -1.0618941719175008 1
68 17.133460483216076 0.914484769786136 -1.0679565307830072 1
69 17.122663062375924 0.9156860981416821 -1.0741008120586473 1
70 17.017680498058013 0.9168800609063212 -1.080294783681015 1
71 17.01163815142611 0.9180735997391037 -1.0865761270541188 1
72 16.827357402310785 0.9192542094096123 -1.09288010888562 1
73 16.63435321467804 0.9204212778802214 -1.0992030390622693 1
74 16.611487720189487 0.9215867421046456 -1.1056105018052604 1
75 16.109835259460517 0.9227170103245985 -1.111916085681395 1
76 15.865704289143387 0.923830150282666 -1.1182169012662315 1
77 15.859651357407959 0.9249428655662244 -1.1246080203033657 1
78 15.726854138475389 0.9260462637789476 -1.1310398800957935 1
79 15.584287756023317 0.9271396595150021 -1.1375088035798255 1
80 15.574729611907575 0.9282323846503732 -1.1440714839990336 1
81 15.376149669037819 0.9293111773901032 -1.1506492518693732 1
82 15.035291618876391 0.9303660554829477 -1.1571790028788698 1
83 14.923463030340058 0.9314130876669007 -1.1637587479051852 1
84 14.916745517292592 0.93245964854923 -1.170436683814126 1
85 14.813742884143231 0.9334989827528909 -1.177171711367162 1
86 14.767712142819466 0.934535087433517 -1.1839914078202034 1
87 14.68274155741173 0.9355652305663823 -1.1908797211751456 1
88 14.659987396194936 0.9365937772642201 -1.197868118030026 1
89 14.24706147772141 0.9375933530237877 -1.204769150840809 1
90 14.204414648909463 0.9385899366760796 -1.2117604547882435 1
91 14.158710842745176 0.9395833137431517 -1.2188430986561116 1
92 14.08463015571548 0.9405714932992056 -1.2260051824079996 1
93 14.061554613491618 0.9415580538720971 -1.2332753304082302 1
94 13.537069464251179 0.9425078164960042 -1.2403911969075327 1
95 13.520268787843474 0.9434564003821833 -1.247616547378276 1
96 12.90097400843824 0.9443615344629066 -1.2546248559977922 1
97 12.88969528980318 0.9452658772272055 -1.2617418379886893 1
98 12.30642678568289 0.9461292977943938 -1.2686473633804918 1
99 12.129632717543348 0.9469803144658578 -1.275562852445849 1
100 11.763391560338786 0.9478056356082144 -1.2823763867616886 1
101 11.380370381857938 0.9486040839329019 -1.2890713887865999 1
102 11.0757841071146 0.9493811624433712 -1.2956878324795893 1
103 11.072735920842053 0.9501580270926798 -1.3024047752211918 1
104 10.937605083251652 0.9509254109441524 -1.3091433284375842 1
105 10.260511920667446 0.951645289847791 -1.3155612156144612 1
106 10.141829683816123 0.9523568419896455 -1.3219994591746755 1
107 10.099338423605861 0.9530654129389385 -1.32850699878228 1
108 10.048824481109731 0.9537704398231963 -1.3350802383745033 1
109 9.845141428546311 0.954461176276947 -1.341618191489539 1
110 9.569751194461917 0.9551325913146399 -1.348069012395762 1
111 9.437785873825264 0.9557947476475944 -1.3545261258512216 1
112 9.284470380764976 0.9564461473448265 -1.3609734224501737 1
113 8.856430230898354 0.9570675156872703 -1.3672139800951488 1
114 8.614498749977992 0.9576719100843022 -1.3733713289223728 1
115 8.398540551046636 0.9582611528248981 -1.3794595502970612 1
116 8.275502513855074 0.9588417632001692 -1.385543238489437 1
117 7.746652926992537 0.9593852694169223 -1.3913164233029776 1
118 7.559793933473934 0.9599156655814256 -1.3970253232613097 1
119 7.39837745424788 0.960434736743922 -1.4026859402541354 1
120 7.383856071409731 0.9609527890842349 -1.4084099816881366 1
121 7.293488624494362 0.9614645012322541 -1.4141390155367253 1
122 7.1608797404126445 0.9619669095230367 -1.4198383834351407 1
123 7.076297969157544 0.9624633835453119 -1.4255448771937476 1
124 6.93633771877885 0.962950037937497 -1.4312122323824679 1
125 6.915473015313052 0.963435228459266 -1.436937135733745 1
126 6.900864238649571 0.9639193940272892 -1.4427261771058582 1
127 6.804394356868499 0.9643967912553632 -1.4485108594065847 1
128 6.763053088167499 0.9648712879744356 -1.4543377730785803 1
129 6.571620203006615 0.9653323537364021 -1.4600756434728739 1
130 6.494966328024102 0.9657880414521358 -1.4658220628455563 1
131 6.494966328024102 0.9662437291678695 -1.4716455373569113 1
132 6.432998153779586 0.9666950691881196 -1.477491464215493 1
133 6.39012746775518 0.9671434013952421 -1.4833773977982132 1
134 6.320506547261642 0.9675868489891694 -1.489278747428235 1
135 6.232617551840637 0.9680241302792949 -1.4951776341904754 1
136 5.871319003462358 0.9684360628144163 -1.5008088295651152 1
137 5.840946665217885 0.9688458644221801 -1.5064842944490542 1
138 5.830145806437244 0.9692549082402314 -1.5122242064507954 1
139 5.789698338401627 0.9696611142584566 -1.518000373621319 1
140 5.7862285169388885 0.9700670768335389 -1.523850869091213 1
141 5.784599152991425 0.9704729250922263 -1.5297795741772977 1
142 5.702182015513774 0.970872990953405 -1.5357041093046957 1
143 5.5469765057216955 0.9712621675750318 -1.5415459919908046 1
144 5.416471476344617 0.9716421879461524 -1.547327280174323 1
145 5.332214381128403 0.9720162968280808 -1.5530948144792223 1
146 5.280377850895178 0.9723867688520392 -1.5588827716430644 1
147 5.207255564334011 0.9727521106064859 -1.564667132295596 1
148 5.187823738578662 0.9731160890214104 -1.5705075513597622 1
149 5.171746479186911 0.9734789394536423 -1.5764091129889228 1
150 5.146398523023668 0.9738400114698424 -1.582362450764069 1
151 5.07622411922363 0.974196160040384 -1.5883156603476358 1
152 4.956949985302038 0.974543940321563 -1.5942088195491004 1
153 4.785202223922604 0.9748796707565823 -1.599974672750827 1
154 4.766168859479258 0.9752140658081788 -1.6057947077167842 1
155 4.6413109428600485 0.9755397008114638 -1.611538235151914 1
156 4.5607685947082555 0.9758596849527125 -1.61725706636768 1
157 4.557515831728099 0.9761794408796708 -1.6230480488975787 1
158 4.50309870764571 0.976495378893846 -1.62884674523441 1
159 4.473703594905315 0.9768092545429369 -1.6346852909184775 1
160 4.461924038934114 0.9771223037367881 -1.6405877102351012 1
161 4.460142282883122 0.977435227922394 -1.646569048846159 1
162 4.460142282883122 0.9777481521079998 -1.6526339174482128 1
163 4.110875406533195 0.9780365716823378 -1.6582998689927049 1
164 3.956008977847808 0.9783141258071004 -1.6638230660446174 1
165 3.949142634728794 0.9785911981883016 -1.6694076382230356 1
166 3.8597988922677513 0.9788620022004516 -1.6749361516448802 1
167 3.83382055444961 0.979130983568908 -1.6804980190042773 1
168 3.825846590691574 0.979399405482989 -1.6861202460516433 1
169 3.7722690204713825 0.9796640683874993 -1.6917359272721442 1
170 3.672654190517866 0.9799217423020717 -1.6972739760392166 1
171 3.5378796326964315 0.9801699604154447 -1.7026764188589039 1
172 3.418736100141507 0.980409819402465 -1.7079615603221916 1
173 3.4109539531230872 0.9806491323929981 -1.7132995583718758 1
174 3.3997125679719233 0.9808876566864291 -1.7186860619893276 1
175 3.3596337609177405 0.9811233690453383 -1.7240755147181384 1
176 3.182613217961176 0.9813466616190194 -1.7292434313785148 1
177 3.1219587677988714 0.9815656986682763 -1.7343733177013152 1
178 3.104843793079303 0.9817835349285928 -1.739535894592764 1
179 3.0829417150323013 0.9819998345361521 -1.7447235026908163 1
180 3.036291500168325 0.9822128611583293 -1.7498939049350302 1
181 3.036291500168325 0.9824258877805064 -1.7551266047384897 1
182 2.9953673130897127 0.9826360431561849 -1.7603513022226638 1
183 2.8980762413738894 0.9828393725771175 -1.7654668376228417 1
184 2.8092896140786032 0.9830364727162746 -1.7704838383657127 1
185 2.708014321554866 0.9832264673672152 -1.7753754620596078 1
186 2.6627987902137806 0.9834132896903635 -1.7802397403192922 1
187 2.6038607004580094 0.9835959769091656 -1.7850496280571375 1
188 2.6020044725140834 0.9837785338947642 -1.7899098965712683 1
189 2.6020044725140834 0.9839610908803628 -1.794825173422991 1
190 2.3686247235061333 0.9841272739112168 -1.7993484781826279 1
191 2.352497115330245 0.9842923254269004 -1.8038881048915043 1
192 2.338966456666321 0.9844564276297428 -1.808449160413439 1
193 2.2490068784813695 0.9846142182564167 -1.812880432578742 1
194 2.204153339811797 0.984768861952753 -1.817267645634783 1
195 2.14552066227491 0.9849193919725058 -1.8215811480111914 1
196 2.1022076639143217 0.9850668831464375 -1.8258495364794236 1
197 2.0896403887604156 0.9852134925986453 -1.8301343949985358 1
198 2.068746819380073 0.9853586361552003 -1.8344184668102117 1
199 2.014399605028965 0.9854999667038483 -1.8386310005016913 1
200 2.005923193409618 0.9856407025463112 -1.8428668079662882 1
201 1.959132134507328 0.985778155521755 -1.847044074859673 1
202 1.9275157429439453 0.9859133902868918 -1.8511935178954304 1
203 1.9114039062058241 0.9860474946433849 -1.8553478020778906 1
204 1.8984356595457923 0.9861806891459389 -1.8595136139618913 1
205 1.8851390836067121 0.9863129507589271 -1.8636901703062698 1
206 1.8255872076207276 0.9864410342042444 -1.8677734348292372 1
207 1.7835486001953975 0.986566168215181 -1.8718000941333695 1
208 1.768860524189833 0.986690271708719 -1.87583081025048 1
209 1.7550500733328198 0.9868134062591576 -1.8798673735668137 1
210 1.74479683125012 0.9869358214407454 -1.8839178923582685 1
211 1.692760923453911 0.9870545857760067 -1.8878840485650368 1
212 1.669436984990314 0.9871717137005918 -1.8918313561285611 1
213 1.6668157156466263 0.9872886577165654 -1.8958085866994185 1
214 1.6344944859120418 0.9874033340706907 -1.899744388224472 1
215 1.6282325568260296 0.9875175710870246 -1.9037008985586887 1
216 1.6114032554523234 0.9876306273572989 -1.9076523266216727 1
217 1.6114032554523234 0.9877436836275731 -1.9116400371186306 1
218 1.552624013787892 0.9878526159383048 -1.9155172372829665 1
219 1.552624013787892 0.9879615482490365 -1.9194293635141806 1
220 1.5237446637287084 0.9880684543806634 -1.9233032939264871 1
221 1.5101973585600672 0.988174410031528 -1.9271771834729836 1
222 1.4275406185792672 0.9882745664743398 -1.9308710911014626 1
223 1.4161588862851011 0.988373924373275 -1.9345668563183427 1
224 1.3691459035917661 0.9884699838349879 -1.9381700838266667 1
225 1.3568117135676148 0.988565177928261 -1.9417705887190724 1
226 1.3460254986819207 0.9886596152592396 -1.945372211055568 1
227 1.3233624532381203 0.9887524625478855 -1.94894255204374 1
228 1.287780363483097 0.9888428133923034 -1.9524453031394184 1
229 1.2853447764028443 0.9889329933556024 -1.9559698293121983 1
230 1.2841271733348432 0.9890230878917055 -1.9595198131587206 1
231 1.2547960561702427 0.9891111245526626 -1.9630169698525153 1
232 1.2202640282305484 0.9891967384418705 -1.9664451090634334 1
233 1.2143045855565875 0.9892819342157745 -1.9698835817168834 1
234 1.2094923692230342 0.9893667923639301 -1.973335705513631 1
235 1.2081591325047614 0.9894515569720171 -1.976811638400049 1
236 1.1551832800582524 0.9895326047871339 -1.9801613780557252 1
237 1.1343951927038183 0.9896121941072313 -1.983476174222469 1
238 1.127319095058413 0.9896912869673611 -1.9867955498193512 1
239 1.109126477144845 0.9897691034309584 -1.990086305884537 1
240 1.106615538975401 0.989846743726794 -1.9933946518701733 1
241 1.097578573324823 0.9899237499878979 -1.9967010653175021 1
1 5868.6257048262005 0.4268619754072981 -0.2417407775080991 2
2 3399.45051735751 0.6741253444010381 -0.48694941480803955 2
3 482.0270913171733 0.7091861996589006 -0.5363849882195361 2
4 473.06255604715153 0.7435950080106497 -0.5910735237229398 2
5 382.34438471859437 0.7714053144700732 -0.6409338704930383 2
6 151.61035258040596 0.7824328868268257 -0.6624067507331384 2
7 151.35947336943565 0.7934422111642004 -0.6849584240975557 2
8 122.9061091231732 0.8023819437640828 -0.7041733767252872 2
9 111.35911138440392 0.8104817907565492 -0.722349055912149 2
10 106.15647940643589 0.818203217676731 -0.7404138077566004 2
11 99.28056108224091 0.8254245159081481 -0.7580167450015184 2
12 80.59062225858777 0.8312863776023288 -0.7728498498750708 2
13 77.60938398938802 0.8369313951287676 -0.7876296443774184 2
14 76.21659770321344 0.8424751065683406 -0.8026508055205354 2
15 62.43082537784143 0.847016092275638 -0.8153542499279625 2
16 53.281186334453075 0.8508915673177871 -0.8264977947509441 2
17 43.609041592863974 0.8540635265764328 -0.835836152746843 2
18 42.48984178800698 0.8571540794098595 -0.8451321577347831 2
19 42.14786378399512 0.8602197580370103 -0.8545542120872602 2
20 42.14786378399512 0.8632854366641614 -0.8641852203296781 2
21 34.11287879543198 0.8657666804104567 -0.8721396695784772 2
22 33.834170018645025 0.8682276519184109 -0.8801757152011959 2
23 32.84885148663272 0.8706169550262771 -0.8881226321434047 2
24 32.37871092778005 0.8729720618609842 -0.896100751128909 2
25 32.11328985289997 0.8753078629552954 -0.9041609318122515 2
26 32.07238063850335 0.8776406884657224 -0.9123629752776286 2
27 32.06880185572453 0.8799732536688198 -0.9207219665379031 2
28 30.72750177756754 0.8822082577000561 -0.9288851543644614 2
29 28.660605168002768 0.8842929233703034 -0.9366400788421726 2
30 28.37221397083768 0.8863566125390148 -0.944455829386911 2
31 26.627599643407898 0.8882934049595625 -0.9519211858358783 2
32 26.427338567224787 0.8902156311353241 -0.9594594904785478 2
33 26.294847238526625 0.8921282203853148 -0.9670921564350036 2
34 24.310330465807635 0.8938964632768159 -0.9742701396258661 2
35 24.064413013056207 0.8956468190487511 -0.9814943079926908 2
36 23.603856370261227 0.8973636756458849 -0.9886989094518024 2
37 23.44001387766294 0.8990686149503572 -0.9959737670193256 2
38 22.49540342409949 0.9007048468087457 -1.0030719498295497 2
39 22.325813693088644 0.9023287433417568 -1.0102332245241858 2
40 20.731058057503454 0.9038366432896836 -1.016990385448197 2
41 20.341296920369654 0.9053161934642049 -1.0237242906219164 2
42 20.172727442487574 0.9067834825227611 -1.0305071261263457 2
43 19.43813532035601 0.908197340086425 -1.037144735257881 2
44 19.43813532035601 0.9096111976500891 -1.0438853679633342 2
45 19.16113728444748 0.9110049074083317 -1.0506339407609222 2
46 18.966712690907414 0.9123844754457966 -1.057418934575491 2
47 18.959786643725838 0.9137635397083864 -1.0643090780776665 2
48 18.781166081140995 0.9151296117765463 -1.071243811221272 2
49 18.61035159633375 0.9164832594352994 -1.0782264633646454 2
50 18.356780147650664 0.9178184632513308 -1.085225741934855 2
51 18.046320800114394 0.9191310854107634 -1.0922183858873877 2
52 17.314658819141563 0.920390489202858 -1.0990350448254373 2
53 17.284114235211405 0.9216476712956844 -1.1059480913663537 2
54 17.202367324311375 0.9228989074226874 -1.1129394676437787 2
55 17.144004760108675 0.9241458984741485 -1.120020931398199 2
56 17.01163815142612 0.9253832616715083 -1.1271637389041043 2
57 16.611487720189498 0.9265915194169055 -1.1342537649110687 2
58 16.372263374931673 0.9277823768744471 -1.1413568094628288 2
59 16.20252808034904 0.9289608884188589 -1.1485024785050844 2
60 16.098861684672883 0.9301318596557666 -1.1557208160556025 2
61 15.859651357407968 0.9312854316244351 -1.1629511771417367 2
62 15.584287756023325 0.9324189746703616 -1.1701752234574514 2
63 15.438021957715337 0.9335418788869029 -1.1774519411456115 2
64 14.68274155741174 0.9346098468202535 -1.184487645279219 2
65 14.387746602212706 0.9356563579193051 -1.1914943601144712 2
66 14.158710842745185 0.9366862098102827 -1.1985016872807857 2
67 13.673676591119298 0.9376807821163621 -1.2053780057679646 2
68 13.557132859006371 0.9386668774654477 -1.212304924355312 2
69 13.520268787843484 0.9396502914593017 -1.219324822989533 2
70 12.852917756118053 0.9405851648247324 -1.226105103329575 2
71 12.129632717543355 0.9414674291304144 -1.2326024003697664 2
72 11.948796829207218 0.9423365401071223 -1.2390993028547765 2
73 11.909331224523282 0.94320278050274 -1.245672924615642 2
74 11.79276484488227 0.9440605422940671 -1.2522817481264952 2
75 11.745483807655466 0.9449148650388499 -1.2589655821887835 2
76 11.584698540722998 0.945757492862179 -1.2656602451926684 2
77 11.380370381857947 0.9465852586162757 -1.2723388699733016 2
78 11.335490392444298 0.9474097599671032 -1.2790948469708237 2
79 11.072735920842058 0.9482151495363249 -1.2857972735042578 2
80 10.93760508325166 0.9490107101917306 -1.292521036953837 2
81 10.716480974146512 0.9497901871030415 -1.299211396987929 2
82 10.700549141833678 0.9505685051922101 -1.3059962562809015 2
83 10.355882435747867 0.9513217535089283 -1.312665074504578 2
84 10.26051192066745 0.9520680649295978 -1.3193750376588749 2
85 10.141829683816129 0.9528057438464042 -1.3261108545987879 2
86 9.569751194461922 0.9535018119046661 -1.3325639700246628 2
87 9.506749974597255 0.9541932974888502 -1.3390709706722066 2
88 9.313835200927794 0.9548707511709307 -1.3455418951992242 2
89 9.284470380764983 0.955546068965365 -1.3520898285933531 2
90 8.856430230898358 0.9561902527135822 -1.358429252013123 2
91 8.730688752181152 0.9568252904949757 -1.364770575840165 2
92 7.961454327025378 0.9574043770293843 -1.3706350257182314 2
93 7.95462752976505 0.9579829670079874 -1.3765746182958654 2
94 7.78457636625683 0.9585491880983317 -1.3824669584560205 2
95 7.559793933473937 0.959099059351743 -1.3882667038838612 2
96 7.554981134180643 0.9596485805400595 -1.3941411833018489 2
97 7.178566307348947 0.9601707227158721 -1.3997975739412338 2
98 7.0968953680060745 0.9606869244517495 -1.4054629790396025 2
99 6.710841695049013 0.9611750460813566 -1.410889051063429 2
100 6.57162020300662 0.961653041258179 -1.4162690738015582 2
101 6.569632974163314 0.9621308918913768 -1.421714923241062 2
102 6.402505084932845 0.9625965862643987 -1.4270887587921186 2
103 6.363562508079414 0.9630594480994263 -1.4324966203851333 2
104 6.320506547261645 0.9635191782042312 -1.4379353869733444 2
105 6.269308312778113 0.9639751843401531 -1.443398232807272 2
106 6.1740638494039315 0.9644242627485579 -1.448846091077398 2
107 5.871319003462362 0.9648513206244765 -1.4540909878759456 2
108 5.784599152991428 0.9652720708214697 -1.4593211128352415 2
109 5.674324185388416 0.9656848000280511 -1.4645134659133103 2
110 5.645302950341302 0.9660954183380881 -1.4697416098784504 2
111 5.6264438625167426 0.9665046649083195 -1.475015673112773 2
112 5.41647147634462 0.9668986388692468 -1.480154147631489 2
113 4.8572073399748135 0.9672519340399371 -1.4848143435401286 2
114 4.8503826401006505 0.9676047328073781 -1.4895184336904792 2
115 4.785202223922607 0.9679527905941181 -1.4942097818204083 2
116 4.535433907292547 0.9682826811637968 -1.4987035320686972 2
117 4.4737035949053165 0.9686080817004739 -1.5031821445916573 2
118 4.401687028825591 0.9689282440203684 -1.507634202467107 2
119 4.267198667403257 0.9692386241577701 -1.5119942440550738 2
120 4.227946862730341 0.9695461492650975 -1.516357785225369 2
121 4.173794722951447 0.9698497355474734 -1.520708874244582 2
122 4.087860157215507 0.9701470712696108 -1.5250130558561066 2
123 4.003017528934403 0.9704382358549729 -1.5292696522938143 2
124 3.9345902979978122 0.9707244232984216 -1.5334945409747691 2
125 3.9204598181681343 0.971009582943398 -1.5377455368327209 2
126 3.8955655275522565 0.9712929318703968 -1.5420111599992783 2
127 3.833820554449612 0.9715717896980282 -1.546250480458818 2
128 3.833076786383982 0.9718505934267407 -1.5505307562185127 2
129 3.8258465906915764 0.9721288712579482 -1.5548454426064624 2
130 3.7834111195819364 0.972404062491043 -1.5591548471848535 2
131 3.6856653480535218 0.972672144060782 -1.563394440400031 2
132 3.6410086097104246 0.972936977465703 -1.5676237008403524 2
133 3.622192508074905 0.9732004422574737 -1.5718723728206594 2
134 3.6129727736059274 0.9734632364400991 -1.5761520450655755 2
135 3.559276203312334 0.9737221249342003 -1.5804097564832291 2
136 3.492358849816517 0.9739761461092495 -1.5846283880377214 2
137 3.4022539467785933 0.9742236133892577 -1.5887779630494352 2
138 3.3734631608970416 0.9744689865347352 -1.5929319453353445 2
139 3.3488194885975537 0.9747125671912781 -1.5970952581841669 2
140 3.305485729043721 0.9749529959115523 -1.6012442133363003 2
141 3.256359079626178 0.9751898513423258 -1.605370633510372 2
142 3.1634992838467624 0.975419952497421 -1.60941728214574 2
143 3.151640913249052 0.9756491911188069 -1.6134866078865528 2
144 3.075446469120202 0.9758728876401216 -1.6174946532762469 2
145 2.9979986844815145 0.9760909508980448 -1.6214376960710002 2
146 2.953441955940022 0.9763057732654905 -1.6253574600143952 2
147 2.924744620914931 0.976518508295673 -1.6292743172038167 2
148 2.92011744956316 0.9767309067626457 -1.6332205402064495 2
149 2.8925284127633715 0.9769412985058401 -1.637165152800175 2
150 2.802073449642851 0.9771451108919269 -1.6410208815664586 2
151 2.7931183600127203 0.9773482719181483 -1.644898660415637 2
152 2.7837359165608304 0.9775507505003789 -1.6487981733074895 2
153 2.7570483242820334 0.9777512879265481 -1.652695124259771 2
154 2.690511639919313 0.9779469857221202 -1.6565320413534637 2
155 2.6859899579831 0.9781423546273899 -1.6603966244888115 2
156 2.6505248322538657 0.9783351439315077 -1.664244191876188 2
157 2.6187063028586555 0.9785256188743092 -1.6680793433323602 2
158 2.5287004301655 0.9787095471251679 -1.671815100471084 2
159 2.5210224837885846 0.9788929169108046 -1.6755717802307486 2
160 2.485681220865178 0.9790737161046089 -1.6793078871421863 2
161 2.4837645591540456 0.979254375887579 -1.6830734953009827 2
162 2.4702050401141116 0.9794340494016383 -1.686851211752582 2
163 2.4662841568845946 0.9796134377252552 -1.690656001832472 2
164 2.447235295051269 0.9797914405056118 -1.694464642740756 2
165 2.4262930893103825 0.9799679200279247 -1.6982739546756498 2
166 2.408602857255927 0.980143112828647 -1.702088831886045 2
167 2.4043687218443464 0.9803179976541301 -1.7059307207661634 2
168 2.3901246989444522 0.9804918464224409 -1.7097838340921632 2
169 2.3686247235061346 0.9806641313626174 -1.7136363130686347 2
170 2.316007039796274 0.9808325890884615 -1.7174365466300763 2
171 2.255327410688152 0.9809966332040922 -1.7211694489760836 2
172 2.2347040560423106 0.9811591772537201 -1.7249001362370064 2
173 2.2084806321194423 0.981319813909164 -1.7286188016701305 2
174 2.1391335755044336 0.9814754065180007 -1.7322513137379265 2
175 2.123307808606695 0.981629848019498 -1.7358872506609677 2
176 2.1135387918206283 0.9817835789591003 -1.7395369443150597 2
177 2.089640388760417 0.9819355716178763 -1.7431757763830946 2
178 2.0660471461523247 0.9820858481920606 -1.746803749811684 2
179 2.0446905848815455 0.9822345713695229 -1.7504243097279706 2
180 2.0194277068744704 0.9823814570193337 -1.7540300097503367 2
181 1.986988926488051 0.9825259831930808 -1.7576072509094387 2
182 1.9673063272490043 0.9826690777278694 -1.7611783255123055 2
183 1.9275157429439465 0.9828092780437604 -1.7647058839280108 2
184 1.9249435026379986 0.982949291264472 -1.7682575642649254 2
185 1.911803054725029 0.9830883486979454 -1.7718139845751273 2
186 1.911289214903993 0.9832273687566241 -1.7753988011482658 2
187 1.8984356595457934 0.9833654538955606 -1.7789890449320216 2
188 1.897390236262339 0.9835034629943014 -1.7826072144019935 2
189 1.8761951124540515 0.9836399304386799 -1.786214854085647 2
190 1.8497352681430859 0.9837744732925359 -1.7898011963807536 2
191 1.7928500666926819 0.9839048785287138 -1.7933057413076472 2
192 1.7688605241898339 0.9840335388549217 -1.7967913315430666 2
193 1.7618577170995366 0.9841616898230248 -1.8002911560775423 2
194 1.7575494400509435 0.9842895274231018 -1.803810751022897 2
195 1.7564091449589716 0.9844172820823613 -1.8073567909711012 2
196 1.755050073332821 0.9845449378878125 -1.8109292452156174 2
197 1.7537828842517402 0.9846725015226498 -1.8145287183439973 2
198 1.7447968312501212 0.9847994115454614 -1.8181395990544267 2
199 1.7287333263723532 0.9849251531687584 -1.8217470918368666 2
200 1.6992020584222034 0.9850487467976173 -1.8253224035891045 2
201 1.669436984990315 0.9851701754258982 -1.8288639863249694 2
202 1.6561342952538463 0.9852906364660751 -1.8324061185494493 2
203 1.6533725769953214 0.985410896629152 -1.8359713985149697 2
204 1.6265588659500079 0.9855292064627583 -1.839507652751326 2
205 1.6119123794740442 0.9856464509654909 -1.8430407027254705 2
206 1.5891398981083131 0.9857620390827476 -1.8465522035218525 2
207 1.5604258341023587 0.9858755386459374 -1.8500281053080845 2
208 1.5331272986683888 0.985987052615336 -1.8534705086635748 2
209 1.5166085009999462 0.9860973650689185 -1.8569028812149357 2
210 1.5087265675299242 0.9862071042200173 -1.8603445453367682 2
211 1.5031428240678335 0.9863164372304143 -1.8638008112620361 2
212 1.498955462281275 0.986425465667711 -1.867275059741774 2
213 1.4943216049753614 0.9865341570554867 -1.8707664551234582 2
214 1.479101305021464 0.9866417413753336 -1.8742501525632873 2
215 1.4619670418485515 0.9867480794126956 -1.8777211753103635 2
216 1.4435475761640404 0.9868530776867293 -1.8811759033569295 2
217 1.4293199060809807 0.9869570410930334 -1.8846238740031618 2
218 1.4128820203414565 0.9870598088687538 -1.8880593089352837 2
219 1.4088112441906042 0.9871622805513791 -1.8915121194795315 2
220 1.3914195065923765 0.9872634872237889 -1.894949464415139 2
221 1.369145903591767 0.987363073797277 -1.8983585507005343 2
222 1.3657149767451617 0.9874624108179252 -1.9017859647475792 2
223 1.292636742014524 0.9875564323999673 -1.9050550885455302 2
224 1.2845215811954056 0.9876498637154372 -1.9083282499098186 2
225 1.2702271366655373 0.9877422553062533 -1.9115894284441528 2
226 1.265094021100952 0.9878342735333621 -1.9148619524107602 2
227 1.235305860112967 0.9879241250805899 -1.9180813940003245 2
228 1.2324744912090484 0.9880137706845895 -1.9213174178238552 2
229 1.2289590058267275 0.9881031605852761 -1.9245684005451755 2
230 1.2050586484862476 0.9881908120629894 -1.9277799657735197 2
231 1.1825272362390309 0.9882768246896968 -1.930954740453832 2
232 1.17709412838306 0.9883624421323749 -1.934138146480824 2
233 1.1723914636875916 0.9884477175207386 -1.9373322001687756 2
234 1.1620763665975624 0.9885322426273596 -1.9405215041488286 2
235 1.099234005672935 0.9886121968147107 -1.9435600473453705 2
236 1.090425596446941 0.9886915103111825 -1.9465953936255112 2
237 1.0816499870513252 0.9887701855025126 -1.9496274176818191 2
238 1.079994844017752 0.9888487403049032 -1.9526760700393138 2
239 1.0782817577616106 0.9889271705037802 -1.9557413874703031 2
240 1.052146185360659 0.9890036996984656 -1.9587534083776361 2
241 1.0241189552258692 0.9890781902968214 -1.9617053946911043 2
242 1.0205234562080094 0.9891524193719707 -1.9646671131574451 2
243 1.0177305566838115 0.9892264453020111 -1.9676409790594969 2
244 1.0118661169189818 0.9893000446745457 -1.9706180355810685 2
245 1.0086474835688808 0.9893734099356787 -1.9736060726194076 2
246 1.0046753504792236 0.9894464862786453 -1.9766029208655223 2
247 0.997427184653037 0.9895190354170263 -1.9795987465712308 2
248 0.9918319996081397 0.9895911775824869 -1.9825984007972546 2
249 0.9686613098569318 0.9896616343982773 -1.9855481136847495 2
250 0.9681390360140476 0.9897320532258131 -1.988516391241036 2
251 0.9598139740620307 0.9898018665193505 -1.9914793079666895 2
252 0.9475871304615333 0.9898707904778246 -1.9944244454148825 2
253 0.9466941048497567 0.9899396494809418 -1.997386887486772 2
1 5543.34458307147 0.6422088040054414 -0.44637035012421716 3
2 774.32935823811 0.7319165830562004 -0.5717300496968825 3
3 452.98670089979936 0.7843961002602422 -0.6663433881043122 3
4 250.797665062389 0.8134515677877239 -0.7292083964994233 3
5 190.20044818953025 0.835486712910421 -0.7837990200444155 3
6 165.15630501455558 0.8546204383225596 -0.8374966448842424 3
7 56.639121027877614 0.8611822065168576 -0.8575548630147096 3
8 52.481046939784505 0.8672622525762491 -0.8770055566633581 3
9 48.01457485980284 0.8728248479071817 -0.8955977343096825 3
10 45.93141991803816 0.8781461051030478 -0.9141605846145063 3
11 43.548102779821185 0.8831912497055215 -0.9325246224439588 3
12 40.42738155433129 0.8878748518103529 -0.9502969699643198 3
13 39.08163069983952 0.8924025456843677 -0.9681980036673254 3
14 34.615158619857866 0.8964127888299238 -0.9846938590802284 3
15 30.148686539876206 0.8999055812470209 -0.9995901380287764 3
16 28.20960455361577 0.9031737267015122 -1.0140067831839032 3
17 25.682214459894592 0.9061490683901506 -1.0275614120036496 3
18 25.316311778885947 0.9090820194390531 -1.0413502192402628 3
19 23.244694361416098 0.91177496900075 -1.0544081803717804 3
20 22.72093376861425 0.9144072397323925 -1.0675629679022556 3
21 22.423019004156124 0.9170049963757061 -1.0809480517650383 3
22 21.557056881959124 0.9195024293803795 -1.0942172262459677 3
23 19.529726229426302 0.9217649916181042 -1.1065988665710929 3
24 18.619263771987654 0.9239220747543369 -1.1187413397437 3
25 18.467848278154385 0.9260616160687064 -1.1311300460186824 3
26 17.0116381514261 0.9280324521997965 -1.1428632950752382 3
27 16.63643345469648 0.9299598200319324 -1.154652746668571 3
28 13.743140679966656 0.9315519934584796 -1.1646391956033932 3
29 12.950275302379573 0.9330523116668912 -1.1742644143428977 3
30 12.39089683911101 0.9344878246357046 -1.1836779793648236 3
31 11.711510770887168 0.9358446292168661 -1.192766980694464 3
32 11.377513597144524 0.9371627394822989 -1.2017827569226367 3
33 11.358322102518425 0.9384786263703777 -1.2109739763095968 3
34 10.940790627888244 0.9397461413081045 -1.2200151353931512 3
35 10.937605083251647 0.9410132871933973 -1.2292458053858846 3
36 10.849847905236855 0.9422702662143555 -1.2386004451982713 3
37 10.325747365925842 0.9434665270217 -1.2476943340342819 3
38 9.971722336099091 0.944621773241626 -1.2566609547186995 3
39 9.365962943566192 0.9457068408880999 -1.265254887669244 3
40 9.293172629333258 0.9467834756147098 -1.2739534929860579 3
41 9.169645587501059 0.9478457994586734 -1.2827107074013429 3
42 8.856430230898349 0.9488718366066637 -1.2913398075563765 3
43 8.477596863916073 0.9498539850661772 -1.299763574328855 3
44 8.260597892740673 0.9508109937120527 -1.3081319509316274 3
45 8.243531672943238 0.9517660251983922 -1.316646947838093 3
46 7.7855481403310876 0.9526679982734556 -1.3248451283143943 3
47 7.735495974424996 0.9535641726937315 -1.3331468126044457 3
48 7.476691517320612 0.9544303640418067 -1.3413244408487415 3
49 7.3909519720439025 0.9552866222727894 -1.3495625215235947 3
50 7.2280231561480885 0.9561240048379304 -1.3577730200761124 3
51 7.093499416746102 0.9569458025285438 -1.3659845015894936 3
52 6.709851361697985 0.9577231537383549 -1.3738974173497054 3
53 6.401450693161117 0.958464776044518 -1.3815834435021552 3
54 6.195448419555516 0.9591825325289247 -1.3891539446825938 3
55 6.074502057001636 0.9598862771081212 -1.3967070299562852 3
56 5.943011206075358 0.9605747881796683 -1.4042259646533635 3
57 5.709401969576131 0.9612362351013815 -1.411574049080257 3
58 5.043324972899786 0.9618205155209945 -1.4181699399925018 3
59 5.017353245991153 0.9624017870582574 -1.4248327967740448 3
60 4.983684921946673 0.9629791580452673 -1.4315537084319434 3
61 4.976380394908118 0.963555682786567 -1.4383701818935113 3
62 4.904695161633475 0.9641239026340906 -1.4451948060023345 3
63 4.785202223922601 0.9646782789589061 -1.4519581437003428 3
64 4.595029419753138 0.9652106233412203 -1.4585533526860868 3
65 4.5794308600017315 0.96574116059568 -1.4652273538292713 3
66 4.460174550466592 0.9662578817413324 -1.4718276568039839 3
67 4.409330894830087 0.9667687125363512 -1.4784528327349222 3
68 4.346509754605151 0.9672722653624964 -1.4850840548350042 3
69 4.14673386660649 0.9677526737075116 -1.491506287991666 3
70 4.080585227022627 0.9682254185854489 -1.4979201619556395 3
71 4.077843906551275 0.9686978458753102 -1.5044257745214322 3
72 4.007797533810793 0.9691621581370347 -1.5109160229622332 3
73 3.9080153144208727 0.9696149104066254 -1.517339478755505 3
74 3.8497657826502767 0.9700609143383543 -1.5237614671247428 3
75 3.8054853991246027 0.9705017882891266 -1.5302043117384725 3
76 3.797413477484199 0.970941727089817 -1.536730201733353 3
77 3.7009959035786615 0.9713704957000392 -1.543186171421482 3
78 3.698438313459843 0.9717989680077552 -1.5497349987609 3
79 3.675666483264737 0.9722248021482758 -1.5563428387559148 3
80 3.6335292963415684 0.9726457546019349 -1.5629752612914327 3
81 3.5381856609434506 0.9730556612832915 -1.5695324706394398 3
82 3.40538457749227 0.9734501826636452 -1.5759384625330233 3
83 3.4040230063248513 0.9738445463029498 -1.582437742223568 3
84 3.3530218106954024 0.9742330013402619 -1.58893616512876 3
85 3.3214065801346964 0.974617793682769 -1.595470630083996 3
86 3.2805842519099686 0.9749978566677209 -1.6020227594286778 3
87 3.279902427114321 0.9753778406617528 -1.6086738625516335 3
88 3.2785151212643004 0.9757576639333154 -1.6154255325261 3
89 3.250142760313195 0.9761342002037326 -1.6222240068755582 3
90 3.1068570962176127 0.976494136511151 -1.6288237903572758 3
91 2.8562778387405277 0.9768250426540465 -1.6349810565117957 3
92 2.8559698118845596 0.9771559131113453 -1.6412261966428154 3
93 2.8018472071665474 0.9774805133444637 -1.6474415136967548 3
94 2.7516734275947643 0.9777993008335809 -1.6536333481017775 3
95 2.7428963806041096 0.9781170714822753 -1.659894558299245 3
96 2.7277119230643625 0.9784330829777779 -1.6662119325947715 3
97 2.723689485358037 0.9787486284649222 -1.6726130359245217 3
98 2.5622279332467555 0.9790454682719991 -1.6787220399228386 3
99 2.529503944236564 0.9793385169321377 -1.684838508321131 3
100 2.4663039852613498 0.9796242437364076 -1.6908862630783021 3
101 2.455611005086409 0.9799087317351324 -1.6969926474703398 3
102 2.4415437434148592 0.9801915900102923 -1.703150383644175 3
103 2.3974323616890905 0.9804693378837308 -1.7092830332831745 3
104 2.368547638271318 0.980743739397692 -1.715428045220641 3
105 2.353551654019905 0.9810164035935114 -1.72162150784477 3
106 2.25186653091216 0.9812772873415674 -1.727631227860739 3
107 2.208759328165947 0.9815331770242708 -1.7336078139690645 3
108 2.15986850729785 0.9817834025965932 -1.739532739707981 3
109 2.151541863054312 0.9820326635086535 -1.74551629867542 3
110 2.133502161808936 0.9822798344811856 -1.7515322258139785 3
111 2.133064104547075 0.9825269547038091 -1.7576313972452466 3
112 2.0451475260795804 0.9827638895952011 -1.763560732729332 3
113 1.999878247498009 0.9829955799399442 -1.7694381751992112 3
114 1.9553579351232568 0.9832221125074402 -1.7752627221771642 3
115 1.9500888694109826 0.9834480346419496 -1.7811504312852477 3
116 1.9346395366822309 0.9836721669368874 -1.7870714485259185 3
117 1.9056513644195334 0.9838929408875692 -1.7929837474662642 3
118 1.881535723993214 0.98411092098765 -1.7989012753191267 3
119 1.862789894830772 0.9843267293417122 -1.8048403666054018 3
120 1.858825274884135 0.9845420783857322 -1.8108488993008383 3
121 1.8398879876981682 0.984755233502896 -1.8168792233022644 3
122 1.8235341949236528 0.9849664939967793 -1.8229397246499968 3
123 1.817965133276719 0.9851771093024794 -1.8290670938221874 3
124 1.7753476496128044 0.9853827872778723 -1.8351354327683063 3
125 1.7728080631008933 0.9855881710365174 -1.841280900633322 3
126 1.770398165482721 0.9857932756031611 -1.8475060445471831 3
127 1.7399566159912314 0.9859948534485632 -1.8537123423100796 3
128 1.7362149688173867 0.986195997815815 -1.8599949806628304 3
129 1.7179239219068476 0.9863950231245844 -1.866302192060477 3
130 1.6798977278983276 0.9865896430141686 -1.8725596610064839 3
131 1.659760865784755 0.9867819300034721 -1.8788319526452444 3
132 1.643412401325965 0.9869723229867925 -1.8851330171566365 3
133 1.6295045679241937 0.9871611047166678 -1.8914723433227116 3
134 1.626985394175692 0.9873495945946593 -1.89789555650546 3
135 1.5955272567908039 0.9875344399774396 -1.9042882057888195 3
136 1.5793349299787836 0.9877174094431308 -1.9107100252225637 3
137 1.5543121198204812 0.9878974799605887 -1.9171241895795723 3
138 1.5377904009525425 0.9880756364001544 -1.9235647898518318 3
139 1.5199074680984868 0.9882517210621593 -1.9300257506300955 3
140 1.5000399875839245 0.988425504032341 -1.9364979120361847 3
141 1.4702937365848914 0.9885958408331584 -1.942936729910578 3
142 1.452405342392743 0.9887641052237066 -1.9493923366019232 3
143 1.4182464504807146 0.9889284122306226 -1.9557900927588425 3
144 1.4032194649367857 0.9890909783278279 -1.96221419546376 3
145 1.3907003177341148 0.9892520940539744 -1.9686761426948434 3
146 1.3599172082986462 0.9894096434883997 -1.9750894196456186 3
147 1.3393658330876983 0.9895648120002797 -1.9814997223047415 3
148 1.318922364986733 0.9897176120908932 -1.987906016146208 3
149 1.2446648144948396 0.9898618092790573 -1.9940395430323357 3
1 5536.44395593238 0.42105954765719655 -0.23736610388720875 4
2 3399.4505173575085 0.6795957323480649 -0.49430170792693023 4
3 456.52813515753314 0.7143157677376116 -0.5441137289221553 4
4 456.4286611170194 0.7490282378930776 -0.6003751400768537 4
5 452.42280084360925 0.7834360529796713 -0.6644138418629302 4
6 367.143667160896 0.8113581899416696 -0.7243620450809761 4
7 150.0524870883344 0.8227700335078909 -0.7514628446280931 4
8 122.343463333383 0.832074540830641 -0.7748834555083751 4
9 105.67051091696781 0.8401110310184859 -0.7961814979530407 4
10 95.9879656855661 0.8474111409326832 -0.8164771742593651 4
11 77.58056352441322 0.8533113247410241 -0.8336034135076544 4
12 75.83133458431966 0.8590784755859455 -0.8510226674988056 4
13 61.67300987632305 0.8637688526308278 -0.8657235856387719 4
14 51.02118135026686 0.8676491331342112 -0.8782732098307425 4
15 42.89992581867375 0.8709117731073627 -0.8891133644625738 4
16 40.47220749441105 0.8739897794081445 -0.8995942281631664 4
17 40.47220749441105 0.8770677857089262 -0.9103342956685233 4
18 38.0613958288795 0.8799624441283865 -0.9206828559852537 4
19 34.11287879543197 0.882556808566863 -0.9301721556316107 4
20 32.378710927780034 0.8850192854718023 -0.9393749968320755 4
21 31.973302264071357 0.887450930097048 -0.9486580896255636 4
22 31.211107521290888 0.8898246080245041 -0.9579153957080633 4
23 31.118000767251598 0.8921912049649492 -0.9673458079861663 4
24 30.72750177756752 0.8945281035413783 -0.9768632450001249 4
25 27.65283676844457 0.8966311666327483 -0.9856103851971443 4
26 27.615984490649623 0.8987314270219611 -0.9945253098204389 4
27 26.217619623743637 0.9007253384834135 -1.00316158501683 4
28 26.076893061212104 0.9027085473597344 -1.0119253121902427 4
29 25.98661856577489 0.9046848906489536 -1.0208382495436223 4
30 24.070978210349637 0.9065155449963269 -1.029260599473967 4
31 22.972560758699572 0.9082626621203467 -1.0374538667868964 4
32 22.928473678924092 0.9100064263185508 -1.0457885018310185 4
33 22.454932010647493 0.911714176562269 -1.054109027985919 4
34 22.29211804579773 0.9134095444221074 -1.062529975399418 4
35 22.065063359487166 0.9150876442405329 -1.0710291101361875 4
36 21.21830660423578 0.9167013462217944 -1.079362017337764 4
37 20.50874860213391 0.9182610846528458 -1.0875711295540942 4
38 20.080379712622282 0.9197882446251817 -1.09576197934306 4
39 20.059148508624695 0.9213137899146594 -1.1041013719432702 4
40 19.16113728444747 0.9227710393444025 -1.1122198098408482 4
41 18.781166081140984 0.9241993910729749 -1.1203273055475682 4
42 18.725379158470094 0.9256235000752392 -1.1285642629107422 4
43 18.251638849533176 0.9270115800159295 -1.1367460376322513 4
44 18.053233657762227 0.9283845707764595 -1.1449934008100175 4
45 17.32886021640514 0.9297024712378769 -1.1530599418910947 4
46 17.011638151426112 0.9309962462172608 -1.1611272831354025 4
47 16.942009714806275 0.9322847257907381 -1.1693133585438407 4
48 16.710894318380802 0.9335556284962744 -1.177541802206636 4
49 16.61148772018949 0.9348189710968767 -1.1858787883412334 4
50 16.4168149418575 0.9360675083761141 -1.194278369593694 4
51 16.047318806899757 0.9372879446076963 -1.2026489649572727 4
52 15.865443550366836 0.9384945487994609 -1.2110863911937084 4
53 15.85965135740796 0.9397007124813664 -1.219687819344989 4
54 15.747530198751953 0.9408983490861946 -1.2284003876002714 4
55 15.158640271142456 0.9420511992308849 -1.2369555471851976 4
56 14.936725572071946 0.9431871722422466 -1.2455535939470819 4
57 14.672011445129446 0.9443030131234115 -1.254168298870552 4
58 14.041403956037318 0.9453708948260457 -1.2625759131811287 4
59 13.520268787843474 0.9463991429769032 -1.2708282663253971 4
60 13.375270827478637 0.9474163636928064 -1.2791493844992756 4
61 13.155180309082384 0.9484168460085997 -1.2874921069599257 4
62 12.969971564113369 0.9494032427649618 -1.2958773163629236 4
63 12.400981578189846 0.9503463664984231 -1.3040489656591043 4
64 11.591901383814845 0.9512279577855389 -1.31182905896857 4
65 11.574400100822812 0.952108218059037 -1.3197390035769399 4
66 11.377457572567995 0.9529735003913653 -1.3276573465192978 4
67 11.291410322444706 0.9538322386285124 -1.335661183442809 4
68 11.048511342551542 0.9546725038285592 -1.3436382701087408 4
69 10.937605083251652 0.9555043343474743 -1.3516822918251303 4
70 10.812703042659482 0.9563266657732653 -1.3597836507396182 4
71 10.361073676490347 0.9571146497265375 -1.3676910383970868 4
72 10.260511920667446 0.9578949857224286 -1.3756661810430604 4
73 10.141829683816123 0.9586662956558577 -1.383695671318139 4
74 10.12988213613428 0.9594366969502646 -1.391866687849602 4
75 9.40556901060401 0.9601520125327188 -1.3995936078670064 4
76 9.284470380764978 0.9608581182803573 -1.4073582997609673 4
77 8.856430230898354 0.9615316705707013 -1.414896673464191 4
78 7.64493387214097 0.9621130857215986 -1.4215107646493819 4
79 7.597185605730839 0.9626908695048498 -1.4281848722552992 4
80 7.304423564469064 0.9632463880482384 -1.4346999743039475 4
81 6.831826414704707 0.9637659644699894 -1.440883294151662 4
82 6.539558176744783 0.9642633132067769 -1.4468857141168967 4
83 6.511873376340741 0.9647585564495637 -1.4529463104430573 4
84 6.320506547261642 0.9652392457961799 -1.4589108092370686 4
85 6.3152290187947955 0.9657195337743787 -1.4649532801608067 4
86 6.098803142654185 0.966183362057106 -1.4708695722388514 4
87 6.003385779722261 0.9666399336255969 -1.4767730939453196 4
88 5.784599152991425 0.9670798659579971 -1.4825384051249049 4
89 5.6483479777321035 0.9675094360689643 -1.488242750642967 4
90 5.4164714763446185 0.9679213714281736 -1.4937842069844944 4
91 4.785202223922604 0.9682852972801987 -1.4987393551400785 4
92 4.756155859298332 0.968647014088071 -1.5037210926857898 4
93 4.506636650999948 0.9689897543749463 -1.5084947938019198 4
94 4.381536763778472 0.9693229805219974 -1.5131868379152518 4
95 4.1958341233447785 0.9696420835477089 -1.517728038584331 4
96 4.164478420856986 0.9699588018987066 -1.5222827508155234 4
97 4.1327007862745155 0.9702731034860652 -1.526850428744166 4
98 4.012320600375173 0.9705782498779544 -1.5313314972869154 4
99 3.9500861506171314 0.9708786631939789 -1.5357886927466116 4
100 3.88503159568961 0.9711741289585267 -1.540217560606035 4
101 3.868489347060489 0.971468336646269 -1.5446729088795716 4
102 3.8622628398798424 0.9717620707935372 -1.5491671549000257 4
103 3.825846590691574 0.972053035399646 -1.553665355180202 4
104 3.788309054084973 0.9723411451880581 -1.5581658053962806 4
105 3.704699368387968 0.9726228962637802 -1.56261249841932 4
106 3.6710908334005525 0.9729020913315934 -1.5670642253181422 4
107 3.619935573268944 0.9731773959218973 -1.5714990608673416 4
108 3.596943804308409 0.9734509519342485 -1.5759510462285715 4
109 3.592168679413311 0.9737241447871522 -1.5804431398791192 4
110 3.574229068034441 0.973995973290536 -1.5849593965563047 4
111 3.523530882946969 0.9742639460780398 -1.5894580421750468 4
112 3.5211083127939933 0.9745317346234017 -1.5940006334826182 4
113 3.44391732189543 0.9747936526128672 -1.5984900827068165 4
114 3.3786065350510146 0.9750506035638176 -1.6029399561570647 4
115 3.3158480117661333 0.9753027815818825 -1.6073519574159763 4
116 3.2634265403792724 0.9755509728241026 -1.6117384167262498 4
117 3.2524900457972024 0.9757983323202598 -1.6161547067817792 4
118 3.2149249812466896 0.9760428349051556 -1.620564574283866 4
119 3.1606411572085484 0.9762832090779195 -1.624944074966997 4
120 3.137277496833085 0.9765218063895164 -1.6293353203365983 4
121 3.1347365725114615 0.976760210457859 -1.6337678092034233 4
122 3.099525589705887 0.976995936648378 -1.6381954450552743 4
123 3.0395273441189556 0.9772270998316042 -1.6425816577060688 4
124 2.9814492086474353 0.9774538460364149 -1.6469275316063867 4
125 2.9526240127241037 0.9776784000174713 -1.6512746789692567 4
126 2.908741649699386 0.9778996166419007 -1.6556001928821693 4
127 2.8959484586151554 0.9781198603141439 -1.6599499097333572 4
128 2.8225339945718626 0.9783345206442151 -1.664231697616489 4
129 2.8067684527976873 0.978547981967859 -1.6685318466494854 4
130 2.7632066764717775 0.9787581303162465 -1.6728072598315915 4
131 2.7444269693064998 0.9789668504238592 -1.6770956896950215 4
132 2.7104083714976683 0.9791729833373236 -1.6813729355121414 4
133 2.705530370779292 0.979378745267393 -1.6856849129191953 4
134 2.6546194203972258 0.9795806353002825 -1.6899577740854994 4
135 2.648578949637094 0.9797820659412039 -1.694263224249674 4
136 2.641821485068939 0.9799829826610964 -1.698600634636852 4
137 2.602558318152082 0.9801809133250594 -1.7029163630279798 4
138 2.499890174714458 0.9803710358359232 -1.7071026178577156 4
139 2.4868860088246 0.9805601693494718 -1.7113075227359507 4
140 2.4393675343479018 0.9807456889715898 -1.7154720170003748 4
141 2.432091227384031 0.9809306552134979 -1.719664228846765 4
142 2.4268623255256334 0.981115223785156 -1.7238881572084042 4
143 2.417335173982827 0.9812990677945951 -1.728136744181541 4
144 2.413290382179296 0.981482604188131 -1.7324200902274782 4
145 2.4109366357045072 0.9816659615737273 -1.7367418627480862 4
146 2.410742125326791 0.9818493041663532 -1.7411067209903766 4
147 2.350622833682302 0.9820280745458496 -1.7454053914877747 4
148 2.3409794160944624 0.9822061115208215 -1.749729135641934 4
149 2.3368210184026332 0.9823838322398961 -1.7540885625332858 4
150 2.22950420580425 0.9825533912636789 -1.758288978460385 4
151 2.2161809180427663 0.9827219370201797 -1.7625049472928092 4
152 2.210565341177427 0.9828900556988897 -1.7667514042379644 4
153 2.1719613439613714 0.9830552384530721 -1.7709645383392647 4
154 2.1683266971981348 0.9832201447838437 -1.77521179077166 4
155 2.157979322370058 0.9833842641724915 -1.7794804212374822 4
156 2.089640388760416 0.9835431862249607 -1.7836542453002784 4
157 2.065117116525544 0.9837002432250613 -1.787818876092368 4
158 2.054511123666214 0.9838564936145302 -1.7920021301795162 4
159 2.0457054628087072 0.9840120743128388 -1.7962078790340754 4
160 2.017456049308632 0.9841655065769963 -1.800395826015675 4
161 1.9901916550574668 0.9843168653200269 -1.804567127993873 4
162 1.9708159294296808 0.984466750493681 -1.8087376817447702 4
163 1.9550012573150184 0.9846154329244303 -1.8129147203678753 4
164 1.9456507337662972 0.9847634042259333 -1.8171120541043602 4
165 1.928260687067502 0.9849100529735996 -1.8213122848223136 4
166 1.8984356595457925 0.9850544334579732 -1.8254876174990717 4
167 1.8972858600483713 0.9851987264973984 -1.8297009162700033 4
168 1.8945265649510383 0.9853428096859598 -1.8339492730820557 4
169 1.8762099729574024 0.9854854998547417 -1.8381979159393702 4
170 1.8752300075746482 0.9856281154948578 -1.8424862815161631 4
171 1.8352502040718848 0.9857676905771516 -1.8467246228798064 4
172 1.8254406022071223 0.9859065196162169 -1.8509817446604995 4
173 1.8096541966320925 0.9860441480621137 -1.8552436467690734 4
174 1.7753476496128053 0.9861791674146494 -1.8594657936961174 4
175 1.768860524189833 0.9863136934060822 -1.8637137353790718 4
176 1.755550824311324 0.9864472071636236 -1.8679712001072524 4
177 1.7552151147121373 0.9865806953896625 -1.8722699887659844 4
178 1.7447968312501203 0.9867133912808099 -1.8765858544588718 4
179 1.742964439754955 0.9868459478142866 -1.8809404395086606 4
180 1.7093826043859277 0.9869759503704227 -1.8852539575247083 4
181 1.7047545523405894 0.9871056009523465 -1.8895988936477708 4
182 1.67773042633542 0.987233196286107 -1.8939178187248213 4
183 1.6694369849903141 0.9873601608842023 -1.8982584538673963 4
184 1.6654775533718915 0.9874868243582369 -1.902632459397332 4
185 1.6181918655240572 0.9876098916448098 -1.9069248955726528 4
186 1.591402314558872 0.9877309215232015 -1.9111880556487781 4
187 1.5444950191471207 0.9878483839917639 -1.9153659626590147 4
188 1.522863175578726 0.9879642013078889 -1.9195250847767922 4
189 1.4962616609796155 0.9880779955164394 -1.923650719179476 4
190 1.466310858495552 0.9881895118962162 -1.9277321534957588 4
191 1.4600863423804338 0.9883005548869439 -1.931834735694222 4
192 1.4497451968506434 0.9884108114093006 -1.9359469698101526 4
193 1.4447315667244152 0.9885206866333277 -1.9400840884174495 4
194 1.439840189362789 0.9886301898566344 -1.9442467872363722 4
195 1.40086542802435 0.9887367289579325 -1.948335464793938 4
196 1.367041699121361 0.9888406956853196 -1.9523628790286296 4
197 1.3644687019063921 0.9889444667302341 -1.956420304145327 4
198 1.3638036418724662 0.989048187195773 -1.9605139880649047 4
199 1.210484388864008 0.989140247372536 -1.9641800673577572 4
200 1.2103587269869314 0.9892322979924184 -1.967876971902948 4
201 1.2083473178320838 0.9893241956399172 -1.9715993934940292 4
202 1.177450468870927 0.9894137435095891 -1.9752575878602752 4
203 1.1521101166439116 0.9895013641860425 -1.9788671292120354 4
204 1.1367159389706183 0.9895878140991796 -1.9824580865309411 4
205 1.0838134060038116 0.9896702406506102 -1.9859097960456709 4
206 1.0756788133236135 0.9897520485471892 -1.9893629406234732 4
207 1.0733455451067622 0.989833678993248 -1.9928361813478523 4
208 1.0693615372364131 0.9899150064461646 -1.996324375045128 4
209 1.0103345310205025 0.9899918447568202 -1.9996459666306419 4
1 5871.124895987861 0.4045777944532008 -0.2251749729029077 5
2 3399.45051735751 0.6388331061746663 -0.4422920659109195 5
3 482.2323655852716 0.6720636216787335 -0.484210403922705 5
4 456.1539999098063 0.703497083320919 -0.5279710301533438 5
5 175.49347593907854 0.7155902962390904 -0.5460555900170873 5
6 171.91197643011785 0.7274367088936257 -0.5645326354546034 5
7 161.16747790323538 0.7385427207572525 -0.5825992624556686 5
8 151.75925267802285 0.749000414099511 -0.6003269950180892 5
9 146.84147986739225 0.7591192249085931 -0.6181978600468604 5
10 145.29284086465242 0.7691313193791146 -0.636634978975803 5
11 132.5154818315491 0.7782629291336522 -0.6541616937740268 5
12 125.4923500482286 0.7869105765781745 -0.6714381057223581 5
13 118.18948379570595 0.7950549852781678 -0.6883626414125271 5
14 103.86348575986281 0.8022121929236161 -0.7038004846430878 5
15 92.26691579556037 0.8085702837417958 -0.7179906443793459 5
16 91.60688003388424 0.8148828916555152 -0.7325534423154146 5
17 91.2615790682929 0.821171704963336 -0.7475637640296133 5
18 89.53748772401984 0.8273417115542399 -0.7628125685461752 5
19 62.975917246007384 0.8316813667573625 -0.7738678040091885 5
20 60.415887789980665 0.8358446109507718 -0.7847448552683292 5
21 50.01889455348215 0.8392914008586588 -0.7939608845327475 5
22 48.30812864313876 0.8426203023020531 -0.8030512932377173 5
23 47.79174008959081 0.8459136195353045 -0.8122357464238688 5
24 47.79174008959081 0.8492069367685556 -0.821618636381348 5
25 47.17107561067534 0.852457484162905 -0.8310828153953819 5
26 46.8094071391383 0.8556831090704854 -0.8406828358629708 5
27 46.479968801768145 0.8588860324620358 -0.8504299974118853 5
28 43.609041592863974 0.8618911209550288 -0.8597783996525233 5
29 43.08252116941696 0.8648599270531784 -0.8692158509845708 5
30 40.742607119925076 0.8676674902409616 -0.8783334507894293 5
31 38.030203644519716 0.8702881423622647 -0.8870203209764527 5
32 37.694410702590794 0.8728856550732766 -0.8958054362990141 5
33 37.220367036946804 0.8754505015501141 -0.9046580169904654 5
34 34.184719171991006 0.877806162267885 -0.9129506951279903 5
35 34.11287879543198 0.8801568724827089 -0.9213868658180209 5
36 32.37871092778005 0.8823880816098305 -0.929548666110125 5
37 32.147979909589836 0.8846033911183774 -0.937806953447515 5
38 31.77871164817983 0.886793254440476 -0.9461276944198652 5
39 30.72750177756754 0.8889106791450195 -0.9543276882838788 5
40 30.521061491527522 0.8910138780994568 -0.9626288008276555 5
41 29.966133100772495 0.8930788370729045 -0.9709363262896695 5
42 28.30134792850734 0.8950290761033828 -0.9789309803582872 5
43 27.67053988550419 0.8969358463044147 -0.9868923585689016 5
44 26.081634365487155 0.8987331254109339 -0.9945325934931775 5
45 25.70875132447857 0.9005047092374184 -1.002197474472615 5
46 25.21093634012604 0.9022419887539143 -1.009847642142808 5
47 23.861920802466972 0.9038863079364744 -1.0172147396565037 5
48 23.84708863552121 0.905529605038003 -1.0247042689408477 5
49 22.75133279474789 0.9070973938699626 -1.031972102884517 5
50 22.51841653438212 0.9086491324988383 -1.039287324073034 5
51 21.8678273625449 0.9101560391854714 -1.046511110241968 5
52 21.642207239446787 0.9116473984440724 -1.0537806581011968 5
53 20.291729249369737 0.9130456965914958 -1.060708919695559 5
54 19.422493676426605 0.9143840959261377 -1.06744555296363 5
55 19.16113728444748 0.9157044852551154 -1.0741955330071533 5
56 18.781166081140995 0.9169986908605112 -1.080915057653176 5
57 18.031531427492745 0.9182412393235042 -1.0874657003238253 5
58 18.023855855133746 0.9194832588646648 -1.0941138112247966 5
59 17.83212570399159 0.9207120663275522 -1.1007929001754546 5
60 17.20278011340645 0.921897505738235 -1.1073350963810396 5
61 17.129954856118108 0.9230779267780782 -1.113949019068158 5
62 17.01163815142612 0.9242501946424603 -1.1206184787630178 5
63 16.848737510298175 0.9254112370631206 -1.1273265956117406 5
64 16.6114877201895 0.9265559306582124 -1.134043268030644 5
65 16.508865410431447 0.9276935525747961 -1.1408229757850554 5
66 16.158117536221084 0.9288070045403279 -1.1475627336504701 5
67 15.939916890653944 0.9299054203522271 -1.1543155643454293 5
68 15.859651357407968 0.9309983050856726 -1.1611402413946408 5
69 15.372522158613375 0.9320576218640237 -1.1678592559167396 5
70 15.220830756139414 0.9331064856245735 -1.1746159869781259 5
71 15.09236195133698 0.9341464966309029 -1.181421115867043 5
72 14.988801905547128 0.9351793713395616 -1.1882867612946233 5
73 14.91455641223178 0.93620712980926 -1.1952278574833646 5
74 14.574008019512865 0.9372114211717052 -1.2021193467555442 5
75 14.47602921832853 0.9382089608386937 -1.2090745010432906 5
76 14.404211416515693 0.9392015515583552 -1.2161075036520996 5
77 14.282742055965969 0.9401857718538041 -1.2231954971087213 5
78 13.697041603070003 0.941129631672915 -1.2301032469817812 5
79 13.520268787843484 0.9420613101201472 -1.2370313293666961 5
80 13.318281378121108 0.9429790696639017 -1.2439657011525196 5
81 13.035576686232465 0.943877348095816 -1.250861815901999 5
82 12.479526793908224 0.9447373092643391 -1.257567973143711 5
83 11.885520704194878 0.9455563376171028 -1.2640526678334336 5
84 11.64309904495564 0.9463586607520488 -1.2705003877791563 5
85 11.498822734747861 0.9471510418414056 -1.276963569764943 5
86 11.423417930899872 0.9479382268039941 -1.2834810441383055 5
87 11.262011984746447 0.9487142893219295 -1.2900036219859623 5
88 10.937605083251658 0.9494679970388623 -1.2964334870827765 5
89 10.764374588732572 0.9502097674843784 -1.30285584560613 5
90 10.260511920667449 0.9509168168754859 -1.3090672803259455 5
91 10.195514106384609 0.9516193872829553 -1.3153286358098877 5
92 10.141829683816129 0.952318258309869 -1.3216478893291013 5
93 10.044497175584668 0.9530104221772169 -1.3279984568723306 5
94 9.885650132509506 0.9536916399333032 -1.3343405985482153 5
95 9.284470380764983 0.954331430538317 -1.3403825921728911 5
96 9.00692567628644 0.9549520956049734 -1.3463254073673774 5
97 8.856430230898358 0.9555623900669417 -1.3522493075348998 5
98 8.826982366422856 0.9561706552837019 -1.3582350223467985 5
99 8.511606494788367 0.9567571880255396 -1.3640860726908843 5
100 8.12820122006337 0.957317300402766 -1.3697481201026596 5
101 8.047216357369978 0.9578718321327208 -1.3754274277099066 5
102 7.7662586918091145 0.9584070031379964 -1.3809797866862465 5
103 7.609467557261107 0.9589313697041691 -1.3864897813168386 5
104 7.346879681996209 0.9594376414034624 -1.3918767998364616 5
105 7.249476763840304 0.959937201091259 -1.39725871285174 5
106 7.215685401960568 0.9604344322244935 -1.4026825976604667 5
107 7.159920981068269 0.9609278206449918 -1.4081323641666312 5
108 7.142740032300651 0.9614200251304721 -1.4136380595855742 5
109 7.002392245135572 0.9619025582839347 -1.4191041866839393 5
110 7.000811625933421 0.9623849825173109 -1.4246387319935732 5
111 6.963794319787707 0.9628648558970869 -1.430214886465536 5
112 6.822102561853622 0.963334965332145 -1.4357479000301325 5
113 6.737434312394937 0.9637992402986416 -1.4412823153605951 5
114 6.717335677992038 0.9642621302731098 -1.4468713386079282 5
115 6.707873894664239 0.9647243682383809 -1.4525251995969133 5
116 6.5234835605288675 0.9651738999103905 -1.4580951561588122 5
117 6.370752307617253 0.9656129069087571 -1.4636045356578302 5
118 6.320506547261645 0.9660484514839484 -1.4691404129404857 5
119 6.2973254417110365 0.9664823986547713 -1.4747270687948992 5
120 6.109023586396416 0.9669033699903556 -1.4802162250377338 5
121 6.073946320036569 0.9673219241600118 -1.485743523641382 5
122 5.928173690451304 0.9677304331730728 -1.491206864343163 5
123 5.887046139989465 0.9681361080965937 -1.4967011799176393 5
124 5.7845991529914285 0.9685347234230557 -1.5021684464903766 5
125 5.7725483215684505 0.9689325083296433 -1.5076938094324364 5
126 5.6361232171121065 0.9693208922153282 -1.5131572747696054 5
127 5.576942452841326 0.9697051979688824 -1.518631881162967 5
128 5.416471476344621 0.9700784457063162 -1.5240158505255696 5
129 5.277358609155581 0.9704421072097683 -1.52932653043265 5
130 5.250608719450064 0.9708039253848003 -1.5346755351117032 5
131 5.247771201425864 0.9711655480271527 -1.540088298368919 5
132 5.244058387130383 0.9715269148203713 -1.5455654726530053 5
133 5.2034322588004 0.9718854820769274 -1.5510693588963307 5
134 5.1312490571743 0.9722390752065438 -1.5565660704216104 5
135 4.828501171322567 0.9725718060526792 -1.5618027882589673 5
136 4.785202223922607 0.9729015531788373 -1.5670556005030487 5
137 4.722994081283277 0.9732270135569544 -1.5723031819174895 5
138 4.6275537993131035 0.9735458971683589 -1.5775069626095135 5
139 4.614171298910662 0.9738638585949023 -1.5827585288506667 5
140 4.50441480149222 0.9741742567277943 -1.5879471705102857 5
141 4.4859375473256575 0.9744833815975772 -1.593176881145132 5
142 4.198216961140698 0.9747726797114592 -1.5981288789199088 5
143 4.029109416904682 0.9750503246654297 -1.6029351013961826 5
144 4.012320600375174 0.9753268127061199 -1.6077747445218922 5
145 3.9777338783712604 0.9756009173841745 -1.6126265024471198 5
146 3.9713642928615798 0.9758745831356346 -1.617525173721808 5
147 3.9587777378128575 0.976147381550635 -1.6224639388171351 5
148 3.9362658680191585 0.9764186286781407 -1.627430943083193 5
149 3.8258465906915764 0.976682266839992 -1.6323136719212314 5
150 3.522571729848517 0.9769250064046434 -1.6368584108438349 5
151 3.5177252475205876 0.9771674119993714 -1.6414448598329605 5
152 3.5177252475205876 0.9774098175940994 -1.6460802623263713 5
153 3.4800228718759056 0.9776496251272541 -1.6507151882457074 5
154 3.4609241309844796 0.9778881165708002 -1.65537426384048 5
155 3.451957906754136 0.9781259901540065 -1.660071596735535 5
156 3.409020409030956 0.9783609049246451 -1.6647609049331809 5
157 3.279857000891167 0.9785869190761153 -1.6693208417209926 5
158 3.2592308575533555 0.9788115118850442 -1.6739000308662269 5
159 3.2337637266715245 0.9790343497601529 -1.6784916636110796 5
160 3.2300815673012933 0.9792569338985513 -1.6831270486932728 5
161 3.1965495320723796 0.9794772073525243 -1.687763542738263 5
162 3.17445128207674 0.9796959580214429 -1.6924174973456645 5
163 3.126305824332586 0.9799113909985302 -1.6970501341278341 5
164 3.043506537240537 0.9801211182968003 -1.7016080507128524 5
165 3.007079281620282 0.9803283354017088 -1.7061588889233212 5
166 2.9370917969070005 0.9805307296859986 -1.7106503250357543 5
167 2.858730730013904 0.9807277241281497 -1.7150669962826064 5
168 2.8426692058329253 0.98092361177456 -1.7195038477788145 5
169 2.7930667963107845 0.9811160813309451 -1.7239078786949618 5
170 2.7002532439325995 0.9813021551279174 -1.7282084476934474 5
171 2.64387572576301 0.9814843439637687 -1.7324608956659737 5
172 2.5689891796260915 0.981661372385865 -1.7366331682248568 5
173 2.4552705895675917 0.9818305644874659 -1.7406585651300341 5
174 2.283568660967553 0.9819879246507571 -1.7444362449373998 5
175 2.2679821515510628 0.9821442107514602 -1.7482209486798117 5
176 2.2558350562950285 0.9822996597987712 -1.752018386401101 5
177 2.2519325892213424 0.9824548399280215 -1.7558426651767118 5
178 2.2491168511087154 0.9826098260254407 -1.7596960732121714 5
179 2.089640388760417 0.9827538226384684 -1.7633071518815415 5
180 2.0876120514286494 0.982897679479262 -1.7669449585565102 5
181 2.0440112983064487 0.983038531802719 -1.7705365575993637 5
182 2.0082454069969424 0.9831769195072693 -1.7740944771171638 5
183 1.9969674472420391 0.9833145300503445 -1.7776615568444951 5
184 1.989519905404633 0.9834516273851158 -1.7812447087841288 5
185 1.9742073492512306 0.9835876695353517 -1.7848297470348642 5
186 1.9161192405484126 0.9837197088480872 -1.7883378325832768 5
187 1.9047108560117716 0.9838509620118077 -1.7918533438507476 5
188 1.8984356595457936 0.9839817827532596 -1.7953858205230868 5
189 1.8722348115097143 0.9841107980006198 -1.7988979137409151 5
190 1.8720931760140986 0.9842398034879125 -1.8024383716444872 5
191 1.8481151425529199 0.9843671566547273 -1.8059620241013272 5
192 1.7871724958188246 0.9844903102785175 -1.809396890361501 5
193 1.7769327553544274 0.9846127582842726 -1.8128392238982096 5
194 1.7688605241898339 0.9847346500345334 -1.8162932348419798 5
195 1.7447968312501214 0.9848548835615427 -1.8197273833819614 5
196 1.735940945031255 0.9849745068315777 -1.8231712646290845 5
197 1.718388372827926 0.9850929205581137 -1.8266074341133303 5
198 1.697248600303702 0.9852098775480458 -1.8300282303311761 5
199 1.6948415014624474 0.9853266686653797 -1.833471275659313 5
200 1.669436984990315 0.985441709163637 -1.8368896088077966 5
201 1.6529931651049823 0.9855556165222493 -1.8403009901939578 5
202 1.6451370904500084 0.98566898252066 -1.8437229742938046 5
203 1.6260978986310624 0.9857810365329742 -1.8471320616202118 5
204 1.6260978986310617 0.9858930905452884 -1.8505681211697902 5
205 1.5997887140484117 0.9860033315980656 -1.8539753262391074 5
206 1.5852912932321626 0.9861125736370863 -1.8573782308604379 5
207 1.574462946748531 0.9862210694973734 -1.8607844903263013 5
208 1.574462946748531 0.9863295653576606 -1.8642176771096624 5
209 1.546382058054484 0.9864361261707099 -1.8676162586682008 5
210 1.5228934653446689 0.9865410683905248 -1.8709894137023324 5
211 1.507490131602705 0.9866449491703427 -1.8743544547038096 5
212 1.5068484307226595 0.9867487857307085 -1.8777443235165803 5
213 1.4853515596261628 0.9868511409468941 -1.8811119299451415 5
214 1.4636364830655682 0.9869519997824138 -1.8844560447255596 5
215 1.4281485457288783 0.9870504131527675 -1.8877440873996734 5
216 1.395515515805266 0.9871465777889339 -1.8909812264565462 5
217 1.356004264223594 0.9872400197143243 -1.8941499966045796 5
218 1.3373103774633042 0.9873321734485062 -1.8972978916408927 5
219 1.3329883108614884 0.9874240293501254 -1.9004584848711736 5
220 1.3274842520827246 0.9875155059683874 -1.9036290539318879 5
221 1.2993021394511224 0.9876050405640945 -1.906754890178227 5
222 1.287729997846025 0.9876937777263264 -1.9098752449965566 5
223 1.2746853753275054 0.9877816159867805 -1.9129862294903581 5
224 1.244648973556048 0.987867384446064 -1.9160455636683318 5
225 1.2233434979537237 0.9879516847501844 -1.9190736774760302 5
226 1.1913320210998837 0.9880337791511888 -1.9220429860723673 5
227 1.1770941283830598 0.9881148924224549 -1.924996882920001 5
228 1.1589569980614225 0.9881947558684636 -1.9279250273160624 5
229 1.1295997643304765 0.9882725963146071 -1.9307981251319566 5
230 1.1271317898719553 0.9883502666932283 -1.933684016674286 5
231 1.1222334007103911 0.9884275995250391 -1.936576545551517 5
232 1.1080810846495839 0.9885039571241782 -1.939451625119298 5
233 1.1043714020444768 0.9885800590899874 -1.9423361432461987 5
234 1.1008731681508461 0.9886559199933463 -1.9452307191915386 5
235 1.094570498169121 0.9887313465812436 -1.9481279781636645 5
236 1.0937824313068258 0.9888067188636442 -1.9510425881331346 5
237 1.0804813196067418 0.9888811745696595 -1.9539410882993054 5
238 1.0751062623545742 0.9889552598817815 -1.9568444985839883 5
239 1.06751399799792 0.9890288220128056 -1.9597467392555419 5
240 1.0668868276041283 0.9891023409256698 -1.9626667828196085 5
241 1.056470799189013 0.9891751420725391 -1.965577794902972 5
242 1.0480342403530682 0.9892473618581824 -1.968484969248763 5
243 1.03018399827682 0.989318351587968 -1.971361720995914 5
244 1.0184852509647833 0.9893885351599101 -1.9742246605796865 5
245 1.0086483565788862 0.9894580408738428 -1.9770786719873867 5
246 1.0086474835688808 0.9895275465276165 -1.9799515604708735 5
247 1.006229883572296 0.9895968855851601 -1.982836625057282 5
248 1.001101962050244 0.9896658712788737 -1.985726133217425 5
249 0.997427184653037 0.9897346037445671 -1.9886242817316337 5
250 0.989504918003191 0.9898027902887845 -1.9915186491010077 5
251 0.9813930343454744 0.9898704178450639 -1.994408468909045 5
252 0.9697191462995735 0.9899372409565459 -1.9972829265301986 5
1 5875.9403635006565 0.4520437539796102 -0.2612541182866883 6
2 3399.45051735751 0.7135679149257758 -0.5429783355603437 6
3 813.9485323964639 0.776186036855027 -0.6501128225098761 6
4 482.6278901791498 0.8133152297595418 -0.7288911103868398 6
5 455.95982655033475 0.8483928137558013 -0.8192802124755164 6
6 199.2403976456108 0.8637206373422297 -0.8655699061788644 6
7 173.0059429302184 0.877030210119508 -0.9102015690458137 6
8 53.02591236388869 0.881109562699745 -0.9248530755305673 6
9 48.60708633356464 0.8848489692316291 -0.9387321701182304 6
10 46.66600184312429 0.8884390456026251 -0.9524877790264566 6
11 44.18826030324058 0.891838506086156 -0.9659273229366636 6
12 43.609041592863974 0.895193406519037 -0.9796113946201953 6
13 42.218129659185 0.8984413022832083 -0.9932828767037643 6
14 39.76943427291652 0.901500816718386 -1.0065673704948634 6
15 38.014015137119785 0.9044252844705032 -1.0196569859498306 6
16 35.350608242592465 0.9071448528573279 -1.032194017463207 6
17 34.29233577917545 0.9097830069636288 -1.0447116521826023 6
18 34.11287879543198 0.9124073552101708 -1.0575323602851328 6
19 32.37871092778005 0.9148982916614207 -1.070061721765336 6
20 30.931782212268406 0.9172779139998923 -1.0823785225224563 6
21 30.72750177756754 0.919641820778155 -1.0949699121784424 6
22 29.49974447755048 0.9219112745864178 -1.1074116657914819 6
23 28.142572186135272 0.9240763193606442 -1.1196227462786592 6
24 26.512956181944404 0.9261159956507626 -1.1314495747958222 6
25 25.479522860721378 0.9280761685679548 -1.1431271854923775 6
26 24.349480728374875 0.9299494058704095 -1.1545881769219832 6
27 23.883468318598787 0.9317867922305326 -1.166131527014486 6
28 19.184384811091228 0.9332626719691467 -1.1756311852252157 6
29 19.16113728444748 0.9347367632452228 -1.1853313910158085 6
30 18.781166081140995 0.9361816228411727 -1.1950542437013818 6
31 17.30728840153655 0.9375130951053974 -1.2042109863021009 6
32 17.01163815142612 0.9388218226103735 -1.2134034655896306 6
33 16.6114877201895 0.9400997660209065 -1.2225714811894746 6
34 16.396378485666204 0.9413611607975404 -1.2318146354500825 6
35 15.85965135740797 0.9425812644563424 -1.2409463756231878 6
36 14.653747005882341 0.9437085963209667 -1.2495579216638721 6
37 13.520268787843484 0.944748728228301 -1.2576577209537227 6
38 12.966616784112636 0.9457462669650647 -1.265570373964305 6
39 12.514107000313086 0.9467089935341195 -1.2733460774988052 6
40 12.090342613476338 0.9476391193563358 -1.2809930577769804 6
41 11.673038300972777 0.9485371414136557 -1.2885060938778088 6
42 11.492547245185486 0.949421278058706 -1.2960321489112712 6
43 10.937605083251658 0.9502627222796332 -1.303317988735906 6
44 10.906244089316228 0.9511017538584041 -1.31070671765934 6
45 10.470987490057887 0.95190730057945 -1.3179208454974753 6
46 10.26051192066745 0.9526966551404974 -1.3251081488464524 6
47 10.141829683816129 0.9534768793223103 -1.3323311613631024 6
48 10.086822642243817 0.9542528717406897 -1.3396361632429887 6
49 10.074390721004141 0.955027907755158 -1.347056907200733 6
50 9.63669368519166 0.9557692711659347 -1.354275904265827 6
51 9.449427734930289 0.9564962279629761 -1.3614730854857489 6
52 9.284470380764983 0.9572104943756689 -1.3686627311805981 6
53 9.242995052948547 0.9579215700373117 -1.3759404730192772 6
54 8.856430230898358 0.9586029067631406 -1.383030152490491 6
55 8.558328752730135 0.9592613101535507 -1.3899929419928694 6
56 8.42786797980269 0.9599096770265875 -1.396960444996526 6
57 8.34525884880181 0.9605516886714601 -1.4039715829841841 6
58 8.055765939545813 0.961171429249345 -1.410848595200222 6
59 7.873662452511725 0.9617771603685222 -1.4176770517009216 6
60 7.644477653793569 0.962365260002293 -1.4244110799738348 6
61 7.586598953456192 0.962948906952177 -1.4311989753328112 6
62 7.406308224675091 0.9635186839012095 -1.4379295024671916 6
63 7.188996152293314 0.964071742749154 -1.444563848331032 6
64 7.148714903615179 0.9646217027081136 -1.4512630729111107 6
65 6.827939058110573 0.9651469849630091 -1.4577596463381561 6
66 6.504329852074903 0.9656473715397208 -1.46404002768383 6
67 6.384748469547503 0.9661385585647487 -1.4702945585114509 6
68 6.343574715884741 0.9666265780392197 -1.4765992604566673 6
69 6.320506547261645 0.9671128228493994 -1.4829734023011734 6
70 6.069279162764953 0.9675797404093066 -1.4891835120552295 6
71 5.884818181907784 0.9680324671454325 -1.4952908798056477 6
72 5.819663551856492 0.9684801814509112 -1.5014162912889637 6
73 5.7845991529914285 0.9689251982064638 -1.5075916327667052 6
74 5.41647147634462 0.9693418944198391 -1.5134546844947283 6
75 5.395102808871612 0.9697569467137626 -1.5193743653392924 6
76 5.134997251638092 0.9701519887480086 -1.5250846002484901 6
77 5.113133416818278 0.970545348768933 -1.5308461153255366 6
78 5.099126863832745 0.9709376312474727 -1.5366689910625508 6
79 4.841828524343493 0.9713101194292563 -1.542271259616495 6
80 4.785202223922607 0.9716782512759119 -1.5478799346766572 6
81 4.719353982918373 0.9720413173315255 -1.553483295132731 6
82 4.551959372073697 0.972391505501456 -1.5589572749544112 6
83 4.5064806941075 0.9727381949373894 -1.5644453919797796 6
84 4.16448365867777 0.973058574095447 -1.56957942249235 6
85 4.130940636265209 0.9733763727450528 -1.5747327757023513 6
86 4.050437387492132 0.9736879781747597 -1.5798457792875829 6
87 4.012854827857395 0.9739966923291491 -1.5849714054202728 6
88 4.012320600375174 0.9743053653847215 -1.5901575537210368 6
89 3.9561791291498007 0.9746097194037081 -1.5953324995694504 6
90 3.93949437375613 0.9749127898427064 -1.6005476320556344 6
91 3.9217608528955132 0.9752144960188217 -1.605802245852257 6
92 3.8258465906915755 0.9755088233856801 -1.6109903498352085 6
93 3.765174859031417 0.9757984831971103 -1.6161574142475916 6
94 3.7554005784229174 0.9760873910603881 -1.6213730384277096 6
95 3.733028989063045 0.9763745778481256 -1.6266204225396919 6
96 3.5207883779081546 0.9766454366889001 -1.631628248836601 6
97 3.5038199757251576 0.976914990128369 -1.6366699353994354 6
98 3.3798605205806256 0.9771750072053191 -1.6415893508903046 6
99 3.3682931911637106 0.9774341343925342 -1.6465480026563266 6
100 3.363551509303738 0.9776928967959811 -1.6515568234495621 6
101 3.3068261713971374 0.9779472952452167 -1.656538136897342 6
102 3.2520572836931345 0.9781974802525066 -1.6614933114782338 6
103 3.102306052972338 0.978436144702352 -1.6662735911284983 6
104 3.102306052972338 0.9786748091521975 -1.6711070734651698 6
105 2.9003007123675957 0.9788979330677894 -1.6756750037881052 6
106 2.8433689678502234 0.9791166771500404 -1.680200397404138 6
107 2.83999756134297 0.9793351618655928 -1.6847679921538223 6
108 2.8312127757912617 0.979552970756138 -1.6893697818727202 6
109 2.794993155653084 0.9797679932240781 -1.6939610382136232 6
110 2.7944358326691545 0.9799829728164344 -1.6986004210445247 6
111 2.6497275715861117 0.9801868198135759 -1.7030458108538187 6
112 2.6287804048960313 0.9803890553178706 -1.7075014853554589 6
113 2.550886587240046 0.9805852983492047 -1.711869278947903 6
114 2.523002698153467 0.9807793962365928 -1.716232974263845 6
115 2.511759260581491 0.9809726291516679 -1.7206212172276978 6
116 2.4269697917254733 0.9811593391023442 -1.7249038669799355 6
117 2.3135311026279104 0.9813373220667523 -1.7290260386073468 6
118 2.3133745085285846 0.9815152929841721 -1.73318742864065 6
119 2.2817525778096 0.9816908311852287 -1.7373313710097107 6
120 2.2727963975478787 0.9818656803756598 -1.7414987339317782 6
121 2.2256640271091648 0.9820369036113756 -1.7456187997073243 6
122 2.176399021241679 0.9822043368259519 -1.7496858229193077 6
123 2.1593866318193444 0.982370461255227 -1.753759050333711 6
124 2.1306265793883643 0.9825343731361674 -1.7578158223585563 6
125 2.089640388760417 0.9826951318960198 -1.7618317065074938 6
126 2.077609152303235 0.9828549650771636 -1.7658616259307998 6
127 2.0637975524103163 0.9830137357139183 -1.7699021230927678 6
128 2.018115456060466 0.9831689919674346 -1.7738898727424908 6
129 2.008902986734965 0.983323539493673 -1.7778961207060116 6
130 1.9981081097268738 0.9834772565559476 -1.7819178405693672 6
131 1.973133730645557 0.9836290523066746 -1.785926179105551 6
132 1.9630787561994039 0.9837800745151066 -1.7899511452897185 6
133 1.912556124371131 0.983927209951594 -1.7939087282489652 6
134 1.9019310777114682 0.9840735279893875 -1.797880417294511 6
135 1.8984356595457934 0.9842195771201038 -1.8018813628538066 6
136 1.8762449271725137 0.9843639190888435 -1.8058720909145225 6
137 1.859831890879253 0.9845069983812995 -1.8098644337481127 6
138 1.858556580105897 0.9846499795624349 -1.8138910419512364 6
139 1.8585244072431986 0.9847929582684701 -1.8179552622539321 6
140 1.8188783232284023 0.9849328869495662 -1.8219699531515223 6
141 1.8040695435087448 0.9850716763719289 -1.8259889585143783 6
142 1.7977440656992851 0.9852099791670357 -1.8300312142630755 6
143 1.7884679547936955 0.9853475683388353 -1.8340902954879428 6
144 1.7787754996903795 0.9854844118574253 -1.8381653627327554 6
145 1.7688605241898336 0.9856204926040217 -1.8422559914825374 6
146 1.7667708805794635 0.9857564125916105 -1.8463806149510926 6
147 1.7564091449589712 0.9858915354373669 -1.850520248347735 6
148 1.7447968312501212 0.986025764932688 -1.8546719555444044 6
149 1.7410670187279094 0.9861597074886685 -1.8588547310703956 6
150 1.7400646030126197 0.9862935729275009 -1.8630757403181173 6
151 1.7345925010559644 0.9864270173903944 -1.86732470734682 6
152 1.7015483256980402 0.9865579197217905 -1.871533515252805 6
153 1.6694369849903148 0.9866863516858749 -1.8757029193125523 6
154 1.623274780203878 0.9868112323313528 -1.8797957821419875 6
155 1.6223544007530135 0.9869360421708395 -1.8839252301844671 6
156 1.6128667115081774 0.9870601221100214 -1.888069821963971 6
157 1.6098354919041928 0.9871839688535266 -1.8922464458037582 6
158 1.5781981283137714 0.9873053816933977 -1.8963803526735552 6
159 1.5768336938799694 0.9874266895655488 -1.9005503616035133 6
160 1.5704630049595232 0.9875475073322943 -1.904743705317395 6
161 1.543264760516827 0.9876662327026302 -1.9089042497172046 6
162 1.4911409219603904 0.9877809481181001 -1.9129624911829652 6
163 1.4880383559229986 0.9878954248491193 -1.9170504489208104 6
164 1.463117315137128 0.9880079843719756 -1.921107814185765 6
165 1.4469647358067417 0.988119301255842 -1.9251580162733335 6
166 1.4429330940318672 0.9882303079802498 -1.929234901291909 6
167 1.416331653614923 0.9883392682211599 -1.9332741942133789 6
168 1.384981195335614 0.9884458166304357 -1.9372607443107932 6
169 1.3844650163896806 0.9885523253293922 -1.9412827212090977 6
170 1.3798173845831443 0.9886584764799735 -1.945328602242226 6
171 1.3741551293395828 0.988764192025876 -1.9493956917284645 6
172 1.3694151324126034 0.9888695429176341 -1.9534870006003069 6
173 1.3627701443634301 0.9889743826017969 -1.957597082120866 6
174 1.3619429883992853 0.989079158651773 -1.9617439020326601 6
175 1.3592216383758027 0.9891837253447431 -1.9659222933192244 6
176 1.3016658721511316 0.9892838641975691 -1.9699617913429752 6
177 1.2715964132432898 0.9893816897677128 -1.97394459014553 6
178 1.2544651789160772 0.9894781974096617 -1.9779098506790433 6
179 1.2516018001453189 0.9895744847681481 -1.981902472870188 6
180 1.2476893428648164 0.9896704711361944 -1.9859194864683403 6
181 1.2445457971041338 0.9897662156671663 -1.9899637396061491 6
182 1.2266976301544033 0.9898605871153819 -1.9939871917830299 6
183 1.2089775185441027 0.9899535953323059 -1.9979893325066478 6
