x y yc yclog atom
1 99.28626192176195 0.440372307203719 -0.2521008028809986 1
2 41.80111900815546 0.6257761572935158 -0.4268685460022583 1
3 9.5908737467107 0.6683153275491827 -0.4792745972891856 1
4 8.900227499930976 0.707791219207498 -0.5343067377773784 1
5 6.957307903197966 0.7386495240117643 -0.5827767046005679 1
6 6.770903852434699 0.7686810560045876 -0.6357887989813259 1
7 3.997056597316241 0.7864095211689931 -0.6704181106477688 1
8 3.997056597316241 0.8041379863333986 -0.7080497848049274 1
9 3.2463471703417763 0.818536769868166 -0.7412113627415252 1
10 3.1978356642042907 0.8327203864355185 -0.7765569834603938 1
11 2.795170392440368 0.8451180294822116 -0.8099991345994857 1
12 2.746740849335852 0.8573008690986924 -0.8455786719162973 1
13 2.508571164972981 0.868427335644229 -0.8808343307266348 1
14 1.9810001769205463 0.8772138243446387 -0.9108505271245101 1
15 1.9678244088794852 0.8859418735060918 -0.9428737663651506 1
16 1.611826486417293 0.8930909365778286 -0.9709854750776367 1
17 1.5445086124974152 0.899941419293327 -0.9997456617127711 1
18 1.529133938431943 0.9067237094859161 -1.0302287336109786 1
19 1.3513198387901346 0.9127173265650554 -1.0590719599419123 1
20 1.243129967231514 0.9182310804442698 -1.0874117407104653 1
21 1.1726570986541294 0.9234322603668262 -1.115954173584258 1
22 1.0659095760661275 0.928159974455334 -1.1436335219155642 1
23 1.0485019415605936 0.9328104790687161 -1.1726984554669189 1
24 0.9206475476933986 0.9368939008518693 -1.1999286645534886 1
25 0.9199260203589417 0.9409741223870645 -1.2289575469917737 1
26 0.8246709697328678 0.9446318515692887 -1.2567399995108268 1
27 0.7883471067331147 0.948128470613553 -1.285070947026604 1
28 0.7267304853887829 0.9513517965236182 -1.3129331931078627 1
29 0.6916227940981272 0.9544194064794818 -1.3412200240216425 1
30 0.6813170394578201 0.9574413064966228 -1.3710117127849801 1
31 0.6070761302102119 0.9601339198646197 -1.3993964645950707 1
32 0.5691971597985729 0.9626585256022376 -1.4278085382838113 1
33 0.4229627117572321 0.9645345259836846 -1.4501942311828726 1
34 0.402056604226592 0.9663177998324802 -1.4725995475344884 1
35 0.36532140444987227 0.9679381391083739 -1.4940112745111729 1
36 0.35637607737789134 0.9695188024588662 -1.5159679744948522 1
37 0.2918557940075767 0.9708132938304839 -1.5348149140259864 1
38 0.24936916050164304 0.9719193408346715 -1.5515927017949087 1
39 0.24755654972579896 0.9730173482211522 -1.5689153713309643 1
40 0.24603541371446858 0.9741086087912866 -1.5868446132177083 1
41 0.24388186321368122 0.9751903175464535 -1.605378794355564 1
42 0.20638025323011003 0.9761056924081625 -1.6217055499266613 1
43 0.19891687091537785 0.976987964332709 -1.6380449615153163 1
44 0.19216324371803162 0.9778402813537943 -1.6544357579858475 1
45 0.1858805161233225 0.9786647320901304 -1.6709018992753748 1
46 0.1749490201074581 0.9794406974869186 -1.6869916231328996 1
47 0.17180850375597492 0.9802027335000768 -1.7033947706451908 1
48 0.1631316590994884 0.9809262844093882 -1.719564697445989 1
49 0.16090688404683495 0.9816399675957741 -1.7361265566334647 1
50 0.14744851130226239 0.9822939577839341 -1.7518785046378813 1
51 0.14513929397504616 0.9829377057155875 -1.7679625717577656 1
52 0.143317121291835 0.9835733716188401 -1.78445156777131 1
53 0.14127415794648718 0.9841999762031901 -1.8013422589433343 1
54 0.13668778684333632 0.9848062384885625 -1.818334694772564 1
55 0.13593001666458385 0.9854091397751876 -1.835919102905986 1
56 0.1312054044610821 0.9859910856110138 -1.8535955187570958 1
57 0.12984975852289468 0.9865670186418659 -1.871827587949975 1
58 0.11797540793731329 0.9870902844148043 -1.8890833255988546 1
59 0.11441342290429919 0.987597751430323 -1.9064995686383777 1
60 0.11392510170192466 0.9881030525557136 -1.9245644569406402 1
61 0.11215384971094655 0.9886004975053271 -1.9431141020436158 1
62 0.08671395318826734 0.9889851068449593 -1.958019711168802 1
63 0.0864124534888583 0.989368378918834 -1.9734005103658534 1
64 0.07048359885706151 0.9896810004683608 -1.9863624072583135 1
65 0.06942137834713509 0.9899889106662095 -1.999518663188611 1
1 16.102018805651632 0.14605011601426113 -0.06856761613430153 2
2 9.295897920858367 0.23036668440142305 -0.1137161409865387 2
3 9.103435857390991 0.3129375644350297 -0.16300379541603732 2
4 8.063244168046625 0.3860735954140263 -0.2118836874873037 2
5 6.372405100173694 0.44387321143755093 -0.2548261845047612 2
6 6.197265280572244 0.5000842570289923 -0.30110318655650736 2
7 5.321807280811352 0.5483546372930639 -0.345202444550629 2
8 5.321807280811352 0.5966250175571355 -0.39429104049096325 2
9 5.03952760502914 0.6423350369190085 -0.44652360132674074 2
10 4.601211366843263 0.6840693971905122 -0.5004083038588018 2
11 4.21161420121536 0.7222699948993485 -0.5563771978669583 2
12 3.654525131575693 0.7554176284902572 -0.6115748483297466 2
13 3.654525131575693 0.788565262081166 -0.6748236582439732 2
14 3.1481972509980216 0.8171203506879845 -0.7378346197462703 2
15 2.4878586579489124 0.8396859711860172 -0.7950284715952353 2
16 2.4878586579489124 0.8622515916840501 -0.860913410723681 2
17 2.1320151094211757 0.8815896049998606 -0.926610170138139 2
18 2.1320151094211757 0.9009276183156708 -1.0040473965115488 2
19 1.9332693597405304 0.9184629483686837 -1.0886449966292668 2
20 1.2425876230250004 0.9297335889443231 -1.1532522280270323 2
21 1.0240243460798044 0.9390217953705814 -1.2148253666386428 2
22 0.7673377726468285 0.9459817779708909 -1.267459714403554 2
23 0.6626039886398735 0.9519917938937639 -1.318684521748357 2
24 0.5875128039076096 0.9573207103610861 -1.3697828176558915 2
25 0.46960043984370803 0.9615801264968721 -1.4154440693802064 2
26 0.46416901735155164 0.9657902780097138 -1.4658504551506648 2
27 0.460129608362978 0.9699637908775177 -1.5223548806251503 2
28 0.4408447274725543 0.973962384120313 -1.5843987842243554 2
29 0.4408447274725543 0.9779609773631084 -1.656807669022452 2
30 0.4112589627353268 0.981691218890234 -1.7373405674909321 2
31 0.3203287004011922 0.9845966958009846 -1.8123861076390981 2
32 0.29010563584471977 0.9872280404965108 -1.8937424671635246 2
33 0.2610092718253169 0.9895954724869334 -1.982777637040731 2
1 16.102018805651625 0.1752832350266377 -0.08369517693994172 3
2 11.680552330534343 0.30243530360299387 -0.1564155070719681 3
3 11.367600496310777 0.4261806434596585 -0.24122480586891362 3
4 6.7106170091451 0.49923102755030935 -0.30036258776754454 3
5 6.7106170091451 0.57228141164096 -0.36884187519014594 3
6 5.450258711250866 0.6316117968660011 -0.4336942856300174 3
7 5.368813244993511 0.6900555836479431 -0.5087161830560216 3
8 4.692782682027423 0.7411402420197266 -0.5869354592040048 3
9 3.303760061367174 0.7771042884102938 -0.6518982870641444 3
10 2.898805874093719 0.8086600875593438 -0.7181944291114998 3
11 2.706078828807411 0.8381179000905261 -0.7908011706433202 3
12 2.268716910605914 0.8628146815469647 -0.8626923642561309 3
13 1.7980580644278865 0.882387968480901 -0.9295482483697557 3
14 1.544454287567711 0.8992005773309547 -0.9965419553147583 3
15 1.3235478094319826 0.9136084441052893 -1.0635287043677213 3
16 0.6789009493859671 0.920998818946316 -1.1023664160353344 3
17 0.5983161129392623 0.9275119639817538 -1.139733666808573 3
18 0.41562013268229564 0.9320363184914617 -1.167723103971056 3
19 0.41244732918415 0.9365261345207487 -1.1974050528883342 3
20 0.40105293270041054 0.9408919135146209 -1.2283530999015313 3
21 0.36785842873180946 0.9448963440272281 -1.2588195859734843 3
22 0.3464896740785567 0.9486681587113904 -1.2896131571859448 3
23 0.3232695282794689 0.952187203707318 -1.3204558562002815 3
24 0.2786806278271284 0.955220863186566 -1.3489242823687704 3
25 0.2701449045525732 0.9581616045536867 -1.3784249795464798 3
26 0.23409172737478784 0.960709878516255 -1.405716628362067 3
27 0.1895028269224473 0.9627727669621435 -1.429139242079957 3
28 0.18438266312530846 0.9647799183675367 -1.453209641767741 3
29 0.16594439681277762 0.9665863546323905 -1.4760761410432792 3
30 0.14750613050024677 0.9681920757567051 -1.497464671637602 3
31 0.14491392647010706 0.9697695786859141 -1.5195558001226253 3
32 0.12906786418771593 0.9711745846696893 -1.5402244264664768 3
33 0.11062959787518509 0.9723788755129252 -1.5587586447801756 3
34 0.09219133156265423 0.9733824512156218 -1.5748319412893792 3
35 0.08440640181522507 0.9743012817887137 -1.5900885376666758 3
36 0.07426894856475627 0.9751097581495713 -1.6039708834719084 3
37 0.07375306525012354 0.9759126187117287 -1.6182104126987438 3
38 0.07312699382002044 0.9767086639902282 -1.6328055992699404 3
39 0.0673602091633836 0.9774419332477503 -1.6466981225435842 3
40 0.06316125592853801 0.978129493571777 -1.6601411604266396 3
41 0.06315691885774735 0.9788170066833513 -1.6740126708078416 3
42 0.06045146976201092 0.9794750688375379 -1.6877182907645742 3
43 0.055501534753777976 0.9800792470264971 -1.700694249945604 3
44 0.053542730360638245 0.9806621020773479 -1.7135907365720093 3
45 0.0478461506498086 0.9811829453436921 -1.7254483536301706 3
46 0.04663399095926557 0.9816905932912074 -1.7373257281872232 3
47 0.040190766545839224 0.9821281016349365 -1.7478293139922074 3
48 0.039857925711556594 0.9825619867424188 -1.7585029964917251 3
49 0.039725251557892895 0.9829944275865986 -1.769408744983971 3
50 0.03673323991554153 0.9833942980129793 -1.7797427603760219 3
51 0.035052408217880276 0.9837758712543263 -1.7898386160133135 3
52 0.03479117164874225 0.984154600728597 -1.8000968130099742 3
53 0.032854130069415614 0.9845122439702338 -1.8100115011875946 3
54 0.032816512156520296 0.9848694777110779 -1.820146080352103 3
55 0.031262958680812136 0.9852097997911984 -1.8300259470991678 3
56 0.029997249193814253 0.9855363436205191 -1.8397219045033915 3
57 0.028490680070955652 0.9858464872510304 -1.8491357595627684 3
58 0.027473509143744 0.9861455581699241 -1.8584109664534614 3
59 0.027140368318212895 0.9864410025869286 -1.8677724221259075 3
60 0.02532504895196058 0.9867166858140497 -1.8766935550057586 3
61 0.02487999833790037 0.9869875243125485 -1.8856400689177601 3
62 0.024283487442611537 0.9872518693172369 -1.8945534931656713 3
63 0.023684059606675863 0.9875096890749039 -1.9034267504671132 3
64 0.02326850565380619 0.9877629851984808 -1.9123245146535908 3
65 0.022322222885949903 0.9880059802842313 -1.9210352416044145 3
66 0.02216098160866025 0.9882472201308999 -1.9298593981564198 3
67 0.022159417832965506 0.988488442954631 -1.9388659300211646 3
68 0.021426606567010183 0.9887216885470028 -1.9477559164465146 3
69 0.02039762271546926 0.9889437328347145 -1.9563914754865754 3
70 0.020141228899820382 0.9891629860725589 -1.9650903684882157 3
71 0.018993786713970433 0.9893697484928997 -1.973456460137695 3
72 0.018569725691408825 0.9895718946729554 -1.9817945909748182 3
73 0.018535879233118148 0.9897736724074903 -1.990280299098188 3
74 0.017966747016351425 0.989969254686827 -1.9986667964538918 3
