x y yc yclog atom
1 61.46001637691976 0.12996350754044447 -0.06046253112685229 1
2 53.08425276319775 0.24221560395966243 -0.12045434176800413 1
3 42.45157931720187 0.331983821964349 -0.17521301964042396 1
4 33.05213110855709 0.40187594278987887 -0.22320872943291972 1
5 24.38789910056421 0.45344665649118593 -0.26236744458170896 1
6 21.06431915471931 0.4979893195537807 -0.2992870429953899 1
7 15.816403507117732 0.5314347267898246 -0.329229901424192 1
8 15.679623290768978 0.5645908982311723 -0.3611024967311622 1
9 14.062152778911381 0.5943267623986807 -0.39182364190237784 1
10 12.616433758055411 0.6210055054337104 -0.4213670987307324 1
11 12.05753968189191 0.6465024096284062 -0.4516135422401708 1
12 10.897067688290779 0.6695453767827031 -0.4808881677647561 1
13 10.087506372363592 0.690876443511499 -0.5098678986469579 1
14 8.780097177740469 0.7094428594194783 -0.5367684470997143 1
15 8.487635153738458 0.7273908343848359 -0.5644595464867774 1
16 7.940860351182525 0.7441825979567716 -0.5920699158609305 1
17 7.341696248563176 0.7597073675876189 -0.619259544850283 1
18 7.288313058807893 0.7751192529891205 -0.6480477247549201 1
19 6.858680860972377 0.7896226370482115 -0.677000993007043 1
20 5.399891689636109 0.8010412618012492 -0.7012369820357556 1
21 4.34434267600205 0.8102278199151989 -0.7217674532427935 1
22 4.002815197392101 0.8186921831509469 -0.7415834714630845 1
23 3.953250839253676 0.8270517374684357 -0.7620837966258811 1
24 3.38990256503732 0.8342200340870167 -0.7804679539977385 1
25 2.7776165749253403 0.8400935891877168 -0.796134124592802 1
26 2.693575441529085 0.845789430693177 -0.8118858595254927 1
27 2.647782214730646 0.8513884377243373 -0.8279474002848999 1
28 2.5342003517869296 0.8567472642581379 -0.8438970754251474 1
29 2.2869427740901873 0.8615832392868827 -0.8588113185173093 1
30 2.1623510873234126 0.8661557524167032 -0.8734002893744435 1
31 1.8995851911531858 0.8701726201116304 -0.8866337075319579 1
32 1.8783461373829742 0.8741445756492311 -0.9001280616822491 1
33 1.8254026299122847 0.8780045767107675 -0.9136564617638969 1
34 1.8056922299172395 0.8818228981101528 -0.9274666646244196 1
35 1.7808611167061117 0.8855887115741472 -0.9415311236269467 1
36 1.6621370422590376 0.8891034708072085 -0.9550820460600961 1
37 1.5434129678119635 0.892367175809337 -0.9680552640695669 1
38 1.4980557759313415 0.895534968377716 -0.9810290599353046 1
39 1.4246888933648894 0.8985476191489115 -0.9937377566310569 1
40 1.378680330629591 0.9014629800958852 -1.006400576410302 1
41 1.3059648189178152 0.9042245766361477 -1.0187459195936084 1
42 1.1872407444707431 0.9067351189454773 -1.0302818593128646 1
43 1.0964493229886865 0.9090536734831469 -1.0412148381692674 1
44 1.0487156420510813 0.91127129025724 -1.0519358337709692 1
45 1.0487156420510813 0.913488907031333 -1.0629282011340861 1
46 1.019248070447891 0.915644211603282 -1.0738851112668852 1
47 1.0058271932220229 0.9177711363539852 -1.0849757113907879 1
48 0.9750738041553085 0.9198330299096534 -1.0960045302470616 1
49 0.932383693142564 0.9218046508475845 -1.1068190768315604 1
50 0.8803450664288466 0.9236662307726101 -1.1172832923905656 1
51 0.8376757850270755 0.9254375821262473 -1.1274800173359019 1
52 0.7048028893687996 0.9269279601154957 -1.1362487686884732 1
53 0.7012755377113199 0.9284108791579236 -1.145152970949667 1
54 0.678854483451069 0.9298463865817712 -1.1539499547541952 1
55 0.6483490820349939 0.9312173872059027 -1.1625213309782887 1
56 0.6442030404802018 0.9325796205999776 -1.1712088078685539 1
57 0.6405750824865771 0.9339341823048167 -1.1800231853877547 1
58 0.6091201788920827 0.9352222293902094 -1.1885740027371838 1
59 0.6057057920748454 0.9365030564045213 -1.1972471788271428 1
60 0.5954226263586678 0.9377621386103564 -1.2059453389398644 1
61 0.5863402763829959 0.9390020152557453 -1.2146845130041077 1
62 0.5730757244049907 0.9402138426456568 -1.2233993591644678 1
63 0.5716037180993997 0.9414225573272763 -1.2322695923226983 1
64 0.5599921473899514 0.9426067181518288 -1.2411389408254383 1
65 0.5532775875616833 0.9437766803510259 -1.2500835154936358 1
66 0.5473415986173648 0.9449340902928466 -1.2591171816917 1
67 0.5424961706823418 0.9460812540803853 -1.2682602174839566 1
68 0.5142785027050574 0.9471687487151784 -1.2771091031185149 1
69 0.48956971500601576 0.9482039940844207 -1.2857037282026795 1
70 0.46856485802016345 0.9491948225294544 -1.294092027237509 1
71 0.4366432593296897 0.9501181494804002 -1.3020574434143577 1
72 0.4228512133352694 0.9510123117356745 -1.3099130544758086 1
73 0.3837168036533644 0.9518237202683238 -1.317166740128172 1
74 0.381197841209534 0.9526298021965585 -1.3244948017874791 1
75 0.37713756865037545 0.9534272982620734 -1.3318685673960489 1
76 0.3481449095781824 0.9541634863766949 -1.3387884227104219 1
77 0.34291382999248066 0.9548886128370694 -1.3457138182593327 1
78 0.33142392396548204 0.9555894427128249 -1.3525137770351408 1
79 0.3219206898421419 0.9562701770254411 -1.3592222807463359 1
80 0.30575268162939184 0.9569167224266131 -1.3656912650330488 1
81 0.3035252218511624 0.9575585576356512 -1.3722098651045043 1
82 0.29877874642911034 0.958190355935644 -1.3787235296881424 1
83 0.2853691695207657 0.9587937983100712 -1.3850374160779342 1
84 0.2851297538601828 0.9593967344155312 -1.3914390361695568 1
85 0.2667342858692033 0.9599607714174132 -1.3975142984642759 1
86 0.2649856574121396 0.9605211107650956 -1.40363507499779 1
87 0.24833881787822373 0.9610462486633995 -1.4094507124115527 1
88 0.24830006658334855 0.9615713046181164 -1.4153443591751618 1
89 0.24460214530351346 0.9620885409390539 -1.4212295009883922 1
90 0.24335080898140957 0.9626031311810102 -1.4271647590712366 1
91 0.24200182558208935 0.963114868859226 -1.433148668119571 1
92 0.2299433498872442 0.9636011076539519 -1.4389118321563967 1
93 0.22939659329305107 0.9640861902757879 -1.4447385226254401 1
94 0.2280306733928711 0.9645683845199157 -1.4506090458578569 1
95 0.2251027291455176 0.9650443873256628 -1.456483081498011 1
96 0.2126131246806807 0.9654939795819222 -1.4621051250356167 1
97 0.2115478818962651 0.9659413192730699 -1.4677721785728013 1
98 0.21013687244357898 0.9663856752400267 -1.4734756083706724 1
99 0.20902184600099133 0.9668276733692213 -1.479224066995057 1
100 0.20776128020239368 0.9672670059027598 -1.4850142678225322 1
101 0.20383512108626034 0.9676980361702079 -1.4907710735043234 1
102 0.19012788888200388 0.9681000810894417 -1.4962104209159168 1
103 0.18749188701191624 0.968496551912391 -1.5016419095923685 1
104 0.1814994448301488 0.9688803511018041 -1.5069653115035664 1
105 0.1728052147332381 0.9692457654500574 -1.5120950777728306 1
106 0.17104059846994737 0.9696074483362552 -1.5172328363806253 1
107 0.1672224938214388 0.9699610574486155 -1.5223153596899 1
108 0.1648086815792386 0.970309562307446 -1.5273834000442439 1
109 0.16143888165466255 0.9706509413787527 -1.5324058243023764 1
110 0.1604015578314699 0.9709901269224546 -1.53745417129531 1
111 0.15973421169361504 0.9713279012943095 -1.5425405169264876 1
112 0.15363521164166308 0.9716527787050837 -1.547489505922017 1
113 0.15267214484457564 0.9719756196123498 -1.5524639807739962 1
114 0.1526288895989408 0.9722983690519633 -1.5574946608676423 1
115 0.15207212532923625 0.9726199411564305 -1.5625656228415437 1
116 0.15134895155124614 0.9729399840357805 -1.5676719515236737 1
117 0.1469531006309614 0.9732507314375518 -1.5726880889188515 1
118 0.14412737195982697 0.9735555035462609 -1.577664698240177 1
119 0.14246174170408757 0.9738567535089787 -1.582640482341201 1
120 0.14125902144782973 0.974155460196372 -1.587631196617758 1
121 0.1312882717665121 0.9744330827110335 -1.592321633534108 1
122 0.13116909134441332 0.9747104532064702 -1.597058953448509 1
123 0.12668370744048418 0.9749783388976523 -1.6016838623629397 1
124 0.12095863585891481 0.9752341183378516 -1.6061462065795555 1
125 0.1201148018289366 0.9754881134044568 -1.6106232613100457 1
126 0.11927336893678858 0.97574032917492 -1.6151150962897773 1
127 0.1179833370461841 0.975989817040654 -1.6196045305747246 1
128 0.11275805037695448 0.9762282555018569 -1.6239389462433282 1
129 0.11215257079130868 0.976465413614382 -1.6282934299055956 1
130 0.11131382936295965 0.9767007981221415 -1.6326589556254258 1
131 0.11098923113758002 0.9769354962336648 -1.6370558848172891 1
132 0.10894133189136108 0.9771658638522137 -1.641415413807192 1
133 0.10700398399509595 0.977392134749955 -1.6457404440188845 1
134 0.10503177264582876 0.9776142352045422 -1.6500280636315179 1
135 0.10455746489499415 0.9778353326867484 -1.6543387829797316 1
136 0.10447440756357378 0.9780562545357094 -1.6586892429579918 1
137 0.10386972633119938 0.9782758977241929 -1.6630581612414932 1
138 0.10222698614965683 0.9784920671700944 -1.6674013285110287 1
139 0.09791097450034884 0.9786991099667434 -1.671602249685372 1
140 0.09776786195378581 0.978905850137236 -1.6758379728822566 1
141 0.0973913968812976 0.9791117942337253 -1.6800988630006275 1
142 0.09670948366282586 0.9793162963547817 -1.684371693398924 1
143 0.09635687941303382 0.9795200528579914 -1.688671168592867 1
144 0.09614399413277486 0.9797233591934439 -1.6930039921402082 1
145 0.093140142936354 0.9799203135774875 -1.697243073700119 1
146 0.09079017635486893 0.9801122987161984 -1.701415411820437 1
147 0.0903083861990214 0.9803032650602157 -1.7056057593793497 1
148 0.08829550481581364 0.980489974960121 -1.7097421732157183 1
149 0.0881562939310735 0.9806763904843341 -1.7139117471586605 1
150 0.08736987592496465 0.9808611430470238 -1.7180840035413445 1
151 0.08405329972305117 0.9810388823692094 -1.7221360674947939 1
152 0.08366937820938901 0.9812158098499822 -1.7262075241012687 1
153 0.08322537551674522 0.9813917984415276 -1.730295598442246 1
154 0.08300839559668614 0.9815673282067799 -1.7344117097644913 1
155 0.08296165830202876 0.9817427591412298 -1.7385648549699484 1
156 0.08292431607370171 0.9819181111117081 -1.742756203788015 1
157 0.08143242395159611 0.9820903083232964 -1.746911890659 1
158 0.08044701549885243 0.9822604217876546 -1.751056710447281 1
159 0.07995570844911318 0.9824294963328711 -1.7552157890613578 1
160 0.07911537141214259 0.9825967938992439 -1.7593707365678364 1
161 0.07859669174474108 0.9827629946642678 -1.7635381839368727 1
162 0.07782878085830652 0.9829275716029705 -1.7677047000674686 1
163 0.07719464149037651 0.9830908075889471 -1.771877133963391 1
164 0.07654858006390923 0.9832526774117817 -1.7760546141856701 1
165 0.07614236483446903 0.9834136882508551 -1.7802501760656595 1
166 0.07546311977931328 0.9835732627566007 -1.7844486896327125 1
167 0.07426343755949408 0.9837303004112614 -1.7886204660033764 1
168 0.07384101331799975 0.9838864448065426 -1.7928086290060594 1
169 0.07284564760359474 0.984040484398943 -1.7969802943750461 1
170 0.07259852618189122 0.984194001427754 -1.8011780616265631 1
171 0.07200547511299497 0.9843462643892608 -1.8053820056232448 1
172 0.07175512296715297 0.9844979979554808 -1.8096122101690997 1
173 0.07165565352196632 0.9846495211833579 -1.8138780733345283 1
174 0.06905935415219283 0.9847955542699595 -1.81802940720498 1
175 0.06856665522385691 0.9849405454941491 -1.822190759170477 1
176 0.06849665371681296 0.9850853886929732 -1.8263880603986717 1
177 0.06641113062884589 0.9852258218393513 -1.8304966681605639 1
178 0.06587961329644522 0.9853651310378211 -1.834611161802611 1
179 0.06414765983003119 0.9855007778430692 -1.8386552958349527 1
180 0.06329229712971407 0.9856346158961673 -1.8426827572846443 1
181 0.06198704198697783 0.9857656938534083 -1.846663697751357 1
182 0.06197634346991677 0.9858967491875379 -1.8506807705226525 1
183 0.06027379537573047 0.9860242043091207 -1.8546234568353932 1
184 0.05979866594324941 0.9861506547207926 -1.8585707571661998 1
185 0.05959887404215814 0.9862766826520004 -1.8625408936011865 1
186 0.05801793903557123 0.9863993675340071 -1.8664408952986067 1
187 0.05690154754796854 0.9865196916917239 -1.870300174933352 1
188 0.056367433484690414 0.9866388864104789 -1.8741573438343115 1
189 0.055449672056467635 0.9867561404285746 -1.8779854328488723 1
190 0.0551008458125613 0.9868726568178045 -1.8818231610442513 1
191 0.054493542806140896 0.9869878890025464 -1.8856522407040488 1
192 0.05299238726162781 0.9870999468399416 -1.889408500005213 1
193 0.05274358094142839 0.9872114785508567 -1.893179663777539 1
194 0.051765189129013255 0.9873209413519475 -1.8969129892880743 1
195 0.05147674668118062 0.9874297942119017 -1.9006576123773702 1
196 0.051337654774373694 0.9875383529477545 -1.9044245533085769 1
197 0.05110067816968597 0.9876464105722741 -1.9082068365612266 1
198 0.05069921919994988 0.9877536192706314 -1.9119922428511622 1
199 0.050644401246921524 0.9878607120508053 -1.9158067868031734 1
200 0.05060281758296446 0.9879677168980572 -1.919651958321153 1
201 0.050037550110189864 0.9880735264292679 -1.9234879498894606 1
202 0.049858607651016164 0.9881789575682979 -1.927344223761542 1
203 0.04868568645285489 0.9882819084451674 -1.9311431131211916 1
204 0.047814763217697794 0.9883830176655406 -1.9349066710588445 1
205 0.0475917091958085 0.9884836552153095 -1.938685341375838 1
206 0.04706716936980254 0.9885831835718232 -1.9424549819419445 1
207 0.046645477001867046 0.988681820216579 -1.946223411803099 1
208 0.04610478935336762 0.988779313521853 -1.9499805722642476 1
209 0.04577059112170859 0.988876100130693 -1.953742929049444 1
210 0.0452101163271829 0.9889717015581018 -1.9574914897628712 1
211 0.044889355211468716 0.9890666247032361 -1.9612457441374336 1
212 0.044341365378094 0.9891603890676699 -1.9649863057104104 1
213 0.04378993572669451 0.989252987377555 -1.9687122410406523 1
214 0.04370667171043638 0.9893454096171387 -1.9724632421377255 1
215 0.043220120748180296 0.9894368029948154 -1.9762046204783787 1
216 0.043218438820624636 0.9895281928158839 -1.9799783629856933 1
217 0.04318326684219046 0.9896195082621969 -1.9837820728887117 1
218 0.04306388261818903 0.9897105712583251 -1.9876087361438022 1
219 0.04129857305755459 0.9897979013263495 -1.9913104803328958 1
220 0.04067776070416969 0.9898839186229864 -1.9949876857090283 1
221 0.04004266561730389 0.9899685929459312 -1.9986381464452272 1
1 71.92596577247224 0.13256767118610216 -0.06176439592504497 2
2 62.123903838347516 0.24706903614366596 -0.12324484237928296 2
3 33.569399602820795 0.30894122764873744 -0.160485015690314 2
4 33.0521311085571 0.36986003494928665 -0.2005629754704427 2
5 28.50565428094713 0.4223991724231638 -0.23837219318807826 2
6 24.62090715612606 0.4677782825834901 -0.2739074079475077 2
7 18.50975909801042 0.5018938572787434 -0.302678102448512 2
8 18.349686749524253 0.535714400572858 -0.3332147864745062 2
9 16.838399579247508 0.5667494710755361 -0.3632608984147706 2
10 16.456779205205056 0.5970811721660603 -0.3947824381630309 2
11 14.543664516955268 0.6238867870065163 -0.42468140938705745 2
12 14.110803048625023 0.6498945893159002 -0.4558011774038045 2
13 11.805295228341144 0.6716530805544642 -0.48366705391295145 2
14 10.444952348173748 0.6909043063611137 -0.5099070455413435 2
15 10.361918350625187 0.7100024911405615 -0.5376057327674105 2
16 9.932983938908944 0.7283101013974136 -0.5659265082980052 2
17 9.28162852120594 0.7454171901192129 -0.594170924429259 2
18 8.591904529403054 0.7612530396943077 -0.6220621490881669 2
19 8.518902406845031 0.776954338119825 -0.6516062191375553 2
20 8.016729306613557 0.7917300748554154 -0.6813734390621237 2
21 6.522140558882779 0.8037511158766042 -0.7071928039861721 2
22 6.319432498388956 0.8153985430683266 -0.7337648757104893 2
23 5.327144924410112 0.8252170722895247 -0.7575009902555679 2
24 5.140020561919946 0.8346907101951724 -0.7817027399094373 2
25 5.077859715977513 0.8440497786473959 -0.8070140044775571 2
26 4.678667305325234 0.8526730904411307 -0.831717921144028 2
27 3.3064509555967936 0.8587672526587243 -0.8500645926562115 2
28 3.1483700174116818 0.8645700538690788 -0.8682852942813567 2
29 2.965746163251332 0.8700362587085808 -0.8861777950276452 2
30 2.5274515149952133 0.8746946370533167 -0.9020303412300399 2
31 2.5274515149952115 0.8793530153980527 -0.9184835281861966 2
32 2.198207354155511 0.8834045596018024 -0.9333184328413373 2
33 2.136248162949677 0.8873419060245628 -0.9482376007214063 2
34 2.1131813035672926 0.8912367376225716 -0.9635177741328482 2
35 1.753157822218793 0.8944680053186974 -0.9766158530961434 2
36 1.6134540814942506 0.897441783256223 -0.9890295391617485 2
37 1.4174048530520822 0.9000542203431493 -1.0002355398193876 2
38 1.283162308205149 0.9024192332717298 -1.0106357737975518 2
39 1.227300118383124 0.904681285880869 -1.0208218250617611 2
40 1.227300118383124 0.9069433384900083 -1.031252532221795 2
41 1.2242410907566192 0.9091997529660452 -1.0419129699223346 2
42 1.1771082491913711 0.9113692962965146 -1.0524158025028834 2
43 1.1753826856092573 0.9135356592185864 -1.0631629653083423 2
44 1.163756362102047 0.9156805935144972 -1.074072459069126 2
45 1.1411179039263368 0.9177838025774219 -1.0850426136245215 2
46 1.1056578802464645 0.9198216548153259 -1.095942911475133 2
47 1.0911581472498195 0.9218327824091386 -1.1069753467411245 2
48 0.9072064658432539 0.9235048662966495 -1.1163661919444703 2
49 0.8340648646355382 0.9250421419596925 -1.125182832133163 2
50 0.8317800868354004 0.926575206519431 -1.1341572663288317 2
51 0.7934751219255057 0.9280376707064331 -1.1428947877532396 2
52 0.753903571322539 0.9294272000603422 -1.1513626518131288 2
53 0.7487324663373383 0.930807198484246 -1.1599390850895 2
54 0.712846493070034 0.9321210550099743 -1.1682649163333079 2
55 0.6853404280806626 0.9333842147540888 -1.1764228484137986 2
56 0.6681156874832455 0.9346156273576086 -1.1845260389260184 2
57 0.6466952961956842 0.9358075597628663 -1.1925161145575363 2
58 0.6397570499792079 0.9369867041974217 -1.2005678047613146 2
59 0.6231747024636461 0.9381352854943212 -1.2085569869228299 2
60 0.6145376612429336 0.9392679477496303 -1.2165820430013976 2
61 0.5970552553330903 0.9403683879580984 -1.2245234500632942 2
62 0.5897196618656974 0.9414553078400434 -1.232512473266856 2
63 0.5307885429424493 0.9424336110199094 -1.2398310120804936 2
64 0.5093527375248499 0.9433724055915323 -1.2469718872048066 2
65 0.5085420925698181 0.9443097060530283 -1.254220489791856 2
66 0.44556088367246743 0.945130925039603 -1.2606723615276605 2
67 0.44413160108043315 0.9459495096970777 -1.2672003621197767 2
68 0.432447122221979 0.9467465585415165 -1.2736523210698025 2
69 0.4232745743252193 0.9475267013451332 -1.2800616336751756 2
70 0.41743530927343275 0.9482960817243455 -1.2864765435402103 2
71 0.4008128394173571 0.9490348250159008 -1.2927264803404668 2
72 0.3929338005183593 0.9497590463496791 -1.2989421256175708 2
73 0.38184109492118806 0.9504628225753189 -1.3050687426796992 2
74 0.3751421283436237 0.9511542518496318 -1.311173234098712 2
75 0.3605472757094165 0.9518187811636278 -1.3171222178865452 2
76 0.3550452286109293 0.9524731695839597 -1.3230611480179568 2
77 0.34965740583942545 0.9531176276389511 -1.3289904200862914 2
78 0.3298038365929317 0.9537254933255054 -1.3346582024980578 2
79 0.3282493623006705 0.954330493940529 -1.340373685498456 2
80 0.3240178043720032 0.9549276953167929 -1.3460902345713757 2
81 0.30665970770921724 0.9554929037621855 -1.351570739328608 2
82 0.3032385129424977 0.9560518065595688 -1.357058972580594 2
83 0.30145349599041166 0.9566074193692845 -1.3625845208698122 2
84 0.28479071418004587 0.9571323207918625 -1.3678700279048637 2
85 0.2835155788255027 0.9576548719960933 -1.373196549978736 2
86 0.27465762968015284 0.958161097000501 -1.378419711031556 2
87 0.271284928959166 0.9586611057368978 -1.3836411441058158 2
88 0.2681288763199563 0.9591552975121452 -1.38886426298674 2
89 0.26037144994178824 0.9596351914752145 -1.3939971033026082 2
90 0.24851161646798794 0.9600932264269045 -1.3989533831165792 2
91 0.24786176336989402 0.9605500636260041 -1.4039536928967609 2
92 0.24054158815920507 0.9609934089161674 -1.4088620024739207 2
93 0.2372273210580737 0.9614306456380749 -1.4137576310172897 2
94 0.22250452951807007 0.9618407465938255 -1.418400130947778 2
95 0.2210658970596356 0.9622481959876169 -1.4230622902890073 2
96 0.21980539933609003 0.9626533221418669 -1.4277480244255567 2
97 0.2140831921743592 0.9630479016226128 -1.4323608945399373 2
98 0.21293681078537668 0.9634403681930986 -1.4369981867083432 2
99 0.21111001906449933 0.9638294677803043 -1.4416451009044995 2
100 0.21053171933578935 0.9642175014958535 -1.4463293382046434 2
101 0.20776060955784934 0.9646004277433843 -1.4510019856497431 2
102 0.20016688827099793 0.9649693579056932 -1.455551902206754 2
103 0.190939063290645 0.9653212801452773 -1.4599369426344464 2
104 0.19044616012675186 0.9656722939087101 -1.4643552168241791 2
105 0.18985034604472414 0.966022209519557 -1.4688048660011284 2
106 0.18233997114702738 0.9663582826619818 -1.473121842499927 2
107 0.18184048203554623 0.9666934351896109 -1.4774701574866982 2
108 0.18083345548712912 0.9670267316536764 -1.4818380029804892 2
109 0.17839939152821932 0.9673555418632013 -1.4861905358250669 2
110 0.17668865949875376 0.9676811990005532 -1.4905447595615307 2
111 0.1726999003580419 0.9679995044047096 -1.494843295660307 2
112 0.16058472781629324 0.9682954801787715 -1.4988788200064316 2
113 0.15618949399964888 0.9685833550409425 -1.5028401959213482 2
114 0.15260955030829926 0.9688646316629225 -1.5067459921293798 2
115 0.14916437878184677 0.9691395584450192 -1.5105978642897302 2
116 0.1461503476406549 0.9694089300276137 -1.5144053325943825 2
117 0.1387002604918059 0.9696645702589103 -1.518049848326264 2
118 0.13597266711243025 0.9699151832278218 -1.5216526291806103 2
119 0.1349288280534462 0.9701638722835585 -1.5252575424764332 2
120 0.13428775190005024 0.9704113797636043 -1.5288752861976236 2
121 0.13340714509144105 0.9706572641859325 -1.5324993965063047 2
122 0.12630139929539877 0.9708900519169321 -1.535958569114856 2
123 0.12623299590429726 0.9711227135727633 -1.5394436194488805 2
124 0.12571057902847324 0.9713544123553417 -1.5429422640684212 2
125 0.12522555872991392 0.9715852171907794 -1.5464556591729197 2
126 0.1251479656048912 0.9718158790133317 -1.549995505516224 2
127 0.1251479656048912 0.972046540835884 -1.553564441697729 2
128 0.12155757224463551 0.9722705851583265 -1.557059294998901 2
129 0.11928442318811454 0.9724904398105512 -1.560516352860855 2
130 0.11883731385854869 0.9727094703898286 -1.5639880361680223 2
131 0.11544849094451626 0.972922254986074 -1.567387505747082 2
132 0.11286807974912766 0.9731302835933079 -1.5707369172534216 2
133 0.1090890598437966 0.973331347040424 -1.5739989200805535 2
134 0.1080928159574138 0.9735305742976396 -1.5772554813281017 2
135 0.1080928159574138 0.973729801554855 -1.5805366465399322 2
136 0.10597066253426049 0.9739251174438436 -1.5837776390022202 2
137 0.10518640286055925 0.9741189878537562 -1.5870187434232295 2
138 0.10416191047404388 0.9743109700085948 -1.5902522942285353 2
139 0.10224798292901308 0.9744994245789963 -1.5934500195916474 2
140 0.09679139703601342 0.9746778220458652 -1.5964989434894274 2
141 0.09676745443820468 0.9748561753838247 -1.5995686612814781 2
142 0.09666086402268015 0.9750343322636207 -1.602656813732775 2
143 0.09550407612816536 0.9752103570527926 -1.6057297284630898 2
144 0.09511339500003141 0.9753856617725601 -1.608811836025072 2
145 0.09492431477660225 0.9755606179961399 -1.6119097802505462 2
146 0.09260512303598148 0.9757312996876393 -1.61495348128174 2
147 0.09198082417668764 0.9759008307258942 -1.6179979277940106 2
148 0.09071609514972093 0.9760680307258376 -1.6210215634127374 2
149 0.0899667378868154 0.9762338495757866 -1.6240411584028793 2
150 0.08831364015661343 0.9763966215800802 -1.627025830753651 2
151 0.08690966555056431 0.9765568059007473 -1.6299832166652424 2
152 0.08466222669264525 0.9767128479379941 -1.6328836209278954 2
153 0.08357999742704152 0.9768668953045834 -1.6357660766283353 2
154 0.08348793314047938 0.977020772986304 -1.638664584408944 2
155 0.08248879216060664 0.9771728091384534 -1.6415475299636837 2
156 0.08073685844127751 0.9773216162790666 -1.6443879006650548 2
157 0.07968277268106394 0.9774684806206785 -1.647209521289641 2
158 0.07907214151368175 0.9776142195001443 -1.650027758958838 2
159 0.07669686897984251 0.9777555804842997 -1.652778922998316 2
160 0.076194211709806 0.9778960150143855 -1.6555294230909563 2
161 0.07470737247624085 0.9780337091319862 -1.6582432699592171 2
162 0.07441975086779169 0.9781708731305064 -1.6609636350349946 2
163 0.0744001386086884 0.9783080009814203 -1.6637004238855522 2
164 0.07376529162642684 0.9784439587377084 -1.6664309937544124 2
165 0.0704506758083715 0.978573807283016 -1.669054993162662 2
166 0.06973404911770852 0.9787023350044671 -1.6716680085398257 2
167 0.06950683025956507 0.9788304439359229 -1.674288249252348 2
168 0.06929948243172485 0.9789581707019346 -1.6769165069364957 2
169 0.0688236140376704 0.979085020388798 -1.6795425544515923 2
170 0.06829619961207688 0.9792108979913605 -1.6821642697409442 2
171 0.06700133319694429 0.9793343890090046 -1.6847517500195757 2
172 0.06675939968340872 0.9794574341158832 -1.6873453114828523 2
173 0.06581047373451185 0.9795787302451591 -1.6899172578232289 2
174 0.06567300114238643 0.9796997729969351 -1.6924991056519476 2
175 0.06539136587858256 0.9798202966631397 -1.6950852226437865 2
176 0.06435340769003368 0.9799389072552774 -1.6976454142828137 2
177 0.06427783620187272 0.980057378560635 -1.7002177546591817 2
178 0.06392704217589663 0.9801752033130184 -1.7027912578905489 2
179 0.06371256658692889 0.9802926327626894 -1.7053713904683703 2
180 0.06369446114937846 0.9804100288419961 -1.7079662034094998 2
181 0.06356137934495779 0.9805271796365199 -1.7105711424918006 2
182 0.06123953312438685 0.9806400510064573 -1.713095791234864 2
183 0.06095704472918012 0.9807524017184058 -1.7156234541099842 2
184 0.059259488030040816 0.9808616236418025 -1.7180949092229938 2
185 0.05787194460943857 0.9809682881661018 -1.7205221467324205 2
186 0.05787039959581729 0.9810749498427666 -1.7229629608117285 2
187 0.05766143675230541 0.9811812263773309 -1.7254086819853616 2
188 0.05740794590418491 0.981287035699658 -1.7278574109334661 2
189 0.057359965723277784 0.9813927565890972 -1.7303179611039186 2
190 0.057359965723277784 0.9814984774785367 -1.7327925313017005 2
191 0.057087700370191126 0.9816036965522072 -1.7352694353333216 2
192 0.05672309247332713 0.981708243612381 -1.7377445912525025 2
193 0.056479838429281524 0.9818123423279022 -1.7402232286761905 2
194 0.05638912628718636 0.9819162738507093 -1.7427120783216876 2
195 0.05635651305150615 0.9820201452636429 -1.7452138213599302 2
196 0.055583333057388176 0.9821225916186003 -1.7476954389648718 2
197 0.055014187671759675 0.9822239889743885 -1.7501656890309771 2
198 0.054899242239582674 0.9823251744727747 -1.7526448645430726 2
199 0.054899242239582674 0.9824263599711607 -1.7551382737518655 2
200 0.053308988531108305 0.9825246144525145 -1.7575732339343046 2
201 0.052935867615995405 0.9826221812299183 -1.760004736262851 2
202 0.05289381694170809 0.9827196705031842 -1.7624479807642661 2
203 0.0526791610273423 0.9828167641413776 -1.7648950486994968 2
204 0.052649826030904255 0.9829138037118625 -1.7673546087207277 2
205 0.05246866223598394 0.9830105093770304 -1.769819641904925 2
206 0.05238853422568198 0.9831070673572337 -1.7722949495993803 2
207 0.05175598137383218 0.9832024594711523 -1.774754302377909 2
208 0.05118361215383129 0.9832967966440113 -1.7772002314621085 2
209 0.051017504952259776 0.9833908276625539 -1.779652008622409 2
210 0.050950706355058696 0.9834847355637443 -1.782114468155597 2
211 0.05093184755818709 0.9835786087060437 -1.7845900502804883 2
212 0.049629316005090816 0.9836700811357109 -1.787015973063641 2
213 0.049542956517764664 0.9837613943950977 -1.7894512659874549 2
214 0.049542956517764664 0.9838527076544847 -1.7919002917841464 2
215 0.04930779545413466 0.9839435874854952 -1.7943514826685665 2
216 0.04898669138084925 0.9840338754854646 -1.7968004881324375 2
217 0.04878403486179969 0.9841237899666013 -1.7992531642532412 2
218 0.04867625425498695 0.9842135057959177 -1.8017143055122646 2
219 0.04741758013342213 0.9843009017467964 -1.8041252924891646 2
220 0.04715544969615821 0.9843878145617002 -1.8065362989003944 2
221 0.045721773966561234 0.9844720849504555 -1.808886853560894 2
222 0.04510494606900197 0.9845552184557915 -1.8112182301152506 2
223 0.04488135349849344 0.9846379398547894 -1.8135505388812516 2
224 0.04470268247906965 0.984720331942937 -1.8158860804823005 2
225 0.04463220210760397 0.9848025941278068 -1.8182305378144659 2
226 0.0442919446603991 0.984884229179806 -1.8205697013196989 2
227 0.04400715024265919 0.9849653393235567 -1.8229063692269967 2
228 0.043870466174667215 0.9850461975431463 -1.8252483607807544 2
229 0.043595211825781244 0.9851265484379105 -1.827588236560346 2
230 0.04255491801848423 0.9852049819537992 -1.8298845007729914 2
231 0.0421357524789878 0.9852826429002992 -1.832170172340166 2
232 0.04108137208377846 0.9853583605047525 -1.834410290499399 2
233 0.04108137208377846 0.9854340781092057 -1.8366620232632513 2
234 0.04072911070315235 0.9855091464561846 -1.8389060328551428 2
235 0.040608182345140104 0.9855839919185537 -1.8411549829045142 2
236 0.04048036935340831 0.9856586018071566 -1.843408505722946 2
237 0.039693732032610264 0.9857317618344116 -1.8456296500249112 2
238 0.03948038003266229 0.9858045286298555 -1.8478501818592337 2
239 0.03895804946281247 0.9858763327111184 -1.8500525216601094 2
240 0.038764928060825585 0.9859477808478452 -1.8522550857637747 2
241 0.03854973099141437 0.9860188323520896 -1.8544565566398272 2
242 0.03851430408806273 0.986089818560554 -1.8566672051886661 2
243 0.03825584378804605 0.9861603283975198 -1.858874215003741 2
244 0.0379543863408101 0.9862302826143936 -1.8610749732602294 2
245 0.037654061620035394 0.9862996832989177 -1.8632693934317164 2
246 0.037172390698216005 0.9863681962095802 -1.8654466735567774 2
247 0.03708782716258995 0.9864365532601043 -1.8676299336322881 2
248 0.0369991545912497 0.9865047468770731 -1.8698189652119899 2
249 0.03675553892723504 0.9865724914828835 -1.872004563477838 2
250 0.035332187141895094 0.9866376126907395 -1.8741159443592315 2
251 0.03516964487146918 0.9867024343148494 -1.8762278557448893 2
252 0.034963709503841006 0.9867668763768388 -1.8783376303262358 2
253 0.0348214419981276 0.9868310562237614 -1.880449056514785 2
254 0.0347750423742568 0.9868951505509412 -1.8825679639442858 2
255 0.0344347829631699 0.986958617741631 -1.8846763752169986 2
256 0.03442069400431753 0.9870220589647797 -1.8867942033731824 2
257 0.0342842750221754 0.9870852487523506 -1.8889139544007394 2
258 0.03335337311533278 0.9871467227826624 -1.890986125566707 2
259 0.033265579375555784 0.987208034999205 -1.8930627375030957 2
260 0.03321466203356575 0.9872692533693407 -1.8951461251706436 2
261 0.033119883431560845 0.9873302970518177 -1.8972335673957712 2
262 0.0330071259822485 0.9873911329095921 -1.899323933132516 2
263 0.03283114434890937 0.9874516444133581 -1.901413183062566 2
264 0.032781967151317606 0.9875120652779996 -1.9035093801209368 2
265 0.03270116352094267 0.9875723372124322 -1.9056105394117042 2
266 0.03245129495689851 0.9876321486109058 -1.9077057418348768 2
267 0.03218083952908685 0.9876914615295072 -1.9097935126156476 2
268 0.032106541780510596 0.987750637508974 -1.9118865132450886 2
269 0.032033502553313005 0.9878096788689031 -1.9139848535591129 2
270 0.03195691426929233 0.9878685790679824 -1.916088328004582 2
271 0.03169727089349075 0.9879270007150215 -1.9181848250887419 2
272 0.031326557464507035 0.9879847390953789 -1.9202667942976988 2
273 0.03067478802408918 0.9880412761911107 -1.922315164187872 2
274 0.030174011100274054 0.9880968902984633 -1.9243395638352743 2
275 0.030075980085514563 0.9881523237235936 -1.9263668209023699 2
276 0.03003590379678451 0.9882076832836016 -1.9284008651077347 2
277 0.030035903796784478 0.9882630428436094 -1.9304444807267644 2
278 0.02974201489717178 0.9883178607332125 -1.9324776206920435 2
279 0.02898134471079392 0.9883712766218264 -1.9344679602712704 2
280 0.02868817190058744 0.9884241521598688 -1.9364471904779694 2
281 0.02860630971502413 0.988476876816666 -1.9384297954390974 2
282 0.028606309715024116 0.9885296014734629 -1.940421492746578 2
283 0.02842724771624881 0.9885819960987906 -1.9424098129431542 2
284 0.02835691995970606 0.988634261102127 -1.9444023251094722 2
285 0.028151979565615756 0.988686148377191 -1.9463895211778846 2
286 0.02802883639699124 0.9887378086854997 -1.9483770994309813 2
287 0.027896727243649597 0.9887892255017312 -1.9503643830602135 2
288 0.027828019031660812 0.9888405156809752 -1.9523558737296602 2
289 0.027795238602238204 0.9888917454421883 -1.9543541764743344 2
290 0.027539131554648842 0.9889425031692134 -1.9563431764324337 2
291 0.027176584467265726 0.9889925926810458 -1.9583149625603478 2
292 0.026527555441175785 0.9890414859591453 -1.9602483315824004 2
293 0.026061900509483083 0.9890895209826605 -1.962156181582105 2
294 0.025942614452643745 0.9891373361485124 -1.9640636596332446 2
295 0.02561944338702514 0.989184555673623 -1.965955633919773 2
296 0.025577587842887346 0.9892316980542427 -1.96785277522841 2
297 0.025090481381809575 0.9892779426426889 -1.9697218738597242 2
298 0.025031770551608386 0.9893240790204495 -1.9715946494098373 2
299 0.024869934528822833 0.9893699171161585 -1.9734633492250886 2
300 0.024707845279795974 0.9894154564630909 -1.9753278663810927 2
301 0.024644553959478916 0.9894608791569783 -1.9771956157789843 2
302 0.024643064183848186 0.989506299105041 -1.9790713187845317 2
303 0.024604926370643813 0.9895516487608104 -1.9809522362721128 2
304 0.024553185828601273 0.9895969030529222 -1.98283735427728 2
305 0.024316097890220233 0.9896417203652101 -1.9847123688339672 2
306 0.02411719396169551 0.9896861710751133 -1.986580076496674 2
307 0.024094964621974926 0.9897305808138348 -1.9884541183673274 2
308 0.023453075779164473 0.9897738074789869 -1.9902860353893967 2
309 0.023342159530400683 0.9898168297129767 -1.9921169937266492 2
310 0.023294167441151304 0.9898597634921303 -1.9939519155288292 2
311 0.023080282717242044 0.9899023030576027 -1.995777667728433 2
312 0.023055566020195584 0.9899447970674133 -1.9976091601131627 2
313 0.02304037646594298 0.9899872630811615 -1.9994471946203738 2
1 71.92596577247224 0.13339282998526134 -0.0621777220810642 3
2 62.123903838347516 0.24860690120043022 -0.1241327980496225 3
3 33.5693996028208 0.3108642121149842 -0.16169519591697334 3
4 33.052131108557084 0.37216220454738785 -0.20215254358590712 3
5 28.505654280947155 0.42502836844632724 -0.24035358237755014 3
6 24.620907156126066 0.47068993790997965 -0.2762898500694984 3
7 18.509759098010417 0.5050178627687102 -0.30541047347422823 3
8 18.349686749524253 0.5390489198226411 -0.33634516297557093 3
9 16.83839957924751 0.5702771660919197 -0.3668115688741424 3
10 16.45677920520506 0.6007976648721399 -0.39880692697840875 3
11 14.543664516955266 0.62777012950904 -0.4291887787902242 3
12 14.110803048625025 0.6539398156829467 -0.4608483652424285 3
13 11.805295228341143 0.6758337412271848 -0.4892321911882214 3
14 10.444952348173754 0.6952047950298066 -0.515991869587575 3
15 10.361918350625192 0.7144218552113623 -0.5442750320530088 3
16 9.932983938908944 0.7328434199909111 -0.5732341247696917 3
17 9.281628521205949 0.7500569906676281 -0.6021590055440472 3
18 8.591904529403056 0.765991409452713 -0.6307681991761719 3
19 8.518902406845035 0.7817904395833898 -0.6611262255844295 3
20 8.016729306613561 0.796658146925934 -0.6917732229931297 3
21 6.52214055888278 0.8087540121307637 -0.7184076670999842 3
22 6.319432498388956 0.8204739379712807 -0.7458724954218584 3
23 5.327144924410112 0.8303535819854685 -0.7704553057975035 3
24 5.140020561919947 0.8398861879306686 -0.7955712024544723 3
25 5.0778597159775165 0.849303511292375 -0.8218968668138917 3
26 4.678667305325236 0.8579804983263914 -0.8476520155626551 3
27 3.306450955596795 0.8641125932581404 -0.8668207893008965 3
28 3.148370017411683 0.8699515136251162 -0.8858946981613889 3
29 2.9657461632513322 0.8754517424991431 -0.9046623441054458 3
30 2.5274515149952133 0.8801391166152205 -0.9213225258409241 3
31 2.527451514995213 0.8848264907312978 -0.9386474002653543 3
32 2.1982073541555116 0.8889032535069662 -0.9542986593382671 3
33 2.1131813035672926 0.8928223282295286 -0.9698956814052945 3
34 1.753157822218793 0.8960737087400988 -0.9832745707806994 3
35 1.6134540814942508 0.8990659967639067 -0.9959625014533191 3
36 1.4174048530520824 0.9016946947946229 -1.0074230441287049 3
37 1.283162308205149 0.9040744285915018 -1.0180656051208519 3
38 1.224241090756619 0.9063448879718716 -1.0284685123088697 3
39 1.2118177360492812 0.9085923071827487 -1.0390172527618746 3
40 1.1771082491913711 0.9107753546937872 -1.0495151698151233 3
41 1.1753826856092577 0.9129552020001838 -1.0602571782224783 3
42 1.1637563621020472 0.9151134872993372 -1.0711613076946593 3
43 1.1411179039263368 0.9172297876495209 -1.0821259305988686 3
44 1.105657880246465 0.9192803243654009 -1.0930205919444207 3
45 1.0911581472498197 0.9213039700913903 -1.1040471765643667 3
46 1.046671361244927 0.923245111283469 -1.1148939536358264 3
47 0.9072064658432544 0.9249276029477808 -1.124519716943904 3
48 0.8466365510333962 0.9264977625458953 -1.1336994405187817 3
49 0.8340648646355383 0.9280446068807626 -1.1429366497586781 3
50 0.8317800868354004 0.9295872139005884 -1.1523484711388998 3
51 0.7934751219255066 0.9310587811002748 -1.161521042414219 3
52 0.753903571322539 0.9324569594887699 -1.1704193931005527 3
53 0.7487324663373383 0.9338455476226092 -1.1794409212745003 3
54 0.7128464930700339 0.9351675821623536 -1.1882077816676877 3
55 0.685340428080663 0.9364386043616827 -1.196806575414225 3
56 0.6681156874832455 0.9376776818124167 -1.2053564006925073 3
57 0.6577292382926591 0.9388974967084369 -1.2139409969024173 3
58 0.6466952961956842 0.9400968482189969 -1.2225503267744995 3
59 0.6397570499792082 0.9412833321609673 -1.2312385985310623 3
60 0.6231747024636463 0.9424390627270303 -1.2398721429987276 3
61 0.5970552553330906 0.9435463525536054 -1.2483079932488772 3
62 0.568093977084991 0.9445999312228258 -1.2564896961104026 3
63 0.5085420925698182 0.9455430658497435 -1.2639468124838529 3
64 0.48640282404083407 0.9464451413174109 -1.2712011223425432 3
65 0.48640282404083407 0.9473472167850783 -1.2785786671577888 3
66 0.44556088367246766 0.9481735473955258 -1.2854485165516798 3
67 0.444996524724453 0.9489988313542338 -1.2924198723218157 3
68 0.4441316010804331 0.9498225112383722 -1.299491077661872 3
69 0.4324471222219791 0.9506245212612149 -1.306488680477287 3
70 0.42327457432521937 0.9514095200126902 -1.3134488108606315 3
71 0.40221413921498406 0.9521554603933823 -1.3201676201448644 3
72 0.4008128394173572 0.952898801944241 -1.326968046111277 3
73 0.39293380051835936 0.953627531146346 -1.3337397818058125 3
74 0.3843524520453656 0.9543403455067717 -1.340467379141275 3
75 0.332273574828413 0.9549565751534601 -1.3463685956121767 3
76 0.28699137215568027 0.9554888250982756 -1.3515309420778148 3
77 0.2847907141800459 0.9560169937354289 -1.3567150896752298 3
78 0.27592073037868853 0.9565287122321017 -1.36179749433393 3
79 0.271284928959166 0.9570318332401766 -1.36685317512868 3
80 0.27043934441166145 0.9575333860396837 -1.371952365733471 3
81 0.26812887631995647 0.9580306538793153 -1.3770677970117793 3
82 0.25137277371455996 0.9584968460994252 -1.38191889920186 3
83 0.248511616467988 0.9589577320597157 -1.3867686487067505 3
84 0.23831828654586704 0.9593997136214254 -1.3914709030682235 3
85 0.22447057286123082 0.9598160134185958 -1.3959469798719761 3
86 0.22378659073989682 0.9602310447126627 -1.4004558175859072 3
87 0.22250452951807007 0.960643698314991 -1.4049857190124426 3
88 0.21711572245302713 0.9610463579156131 -1.4094519304636892 3
89 0.21082700322053405 0.9614373545507622 -1.4138331805628515 3
90 0.21067119942186419 0.9618280622344961 -1.4182557929064257 3
91 0.2001668882709979 0.9621992887784714 -1.4225000288220477 3
92 0.19328898116454346 0.9625577596578763 -1.4266381733123314 3
93 0.19273744725062095 0.9629152076706599 -1.4308041486455576 3
94 0.1870011139381044 0.9632620171647097 -1.4348846930915182 3
95 0.18648885642451934 0.9636078766335678 -1.4389926039515148 3
96 0.18196095379232566 0.9639453387213202 -1.4430385801333232 3
97 0.17839939152821926 0.9642761955884894 -1.4470422970694565 3
98 0.16743261679718655 0.9645867136377996 -1.4508337687306607 3
99 0.1650060571334592 0.9648927314255253 -1.4546029583209887 3
100 0.16151662470135167 0.9651922777635854 -1.4583243953460487 3
101 0.1610741775798894 0.9654910035457724 -1.4620676701124087 3
102 0.1577263781422772 0.9657835205487456 -1.46576467724811 3
103 0.15298051514219355 0.9660672359445455 -1.4693807626614166 3
104 0.15048953093838935 0.9663463315979641 -1.472967588797293 3
105 0.14976440762797819 0.9666240824484392 -1.4765667860887268 3
106 0.1480201394873678 0.9668985984050757 -1.4801536167362375 3
107 0.1446149199889121 0.967166799092105 -1.4836867758490493 3
108 0.14251905158327574 0.9674311128126554 -1.487197080141053 3
109 0.14223425614702598 0.9676948983558112 -1.490728888165343 3
110 0.13831390083245845 0.967951413266111 -1.4941911170720357 3
111 0.13623144636636647 0.9682040660872253 -1.4976284143599397 3
112 0.13400616710148108 0.9684525919383996 -1.5010363166349174 3
113 0.13213234900311632 0.968697642634304 -1.504422954710356 3
114 0.1286076621775491 0.9689361564982668 -1.5077448104128492 3
115 0.12784797274382084 0.9691732614534664 -1.5110724209812325 3
116 0.12522555872991392 0.9694055029185072 -1.5143566814288525 3
117 0.12285058888675404 0.9696333397996804 -1.5176029702263283 3
118 0.12155757224463551 0.9698587786713548 -1.5208391539608446 3
119 0.11946449912127521 0.9700803357606399 -1.5240432844643723 3
120 0.1192844231881146 0.9703015588837685 -1.5272663463860419 3
121 0.11890142352263973 0.9705220717013945 -1.530503041847565 3
122 0.11816233277479976 0.9707412138122747 -1.5337436947147198 3
123 0.11574382282321896 0.9709558705904479 -1.536941636860125 3
124 0.11286807974912771 0.9711651940581418 -1.5400829670435734 3
125 0.11108102549872959 0.971371203281512 -1.543196905191912 3
126 0.11084695312052731 0.9715767783977193 -1.546326698934966 3
127 0.11084695312052731 0.9717823535139264 -1.5494792117275034 3
128 0.10924308802798982 0.9719849541257067 -1.5526086620439548 3
129 0.10919518486773057 0.9721874658969958 -1.5557594391540954 3
130 0.10795389057297178 0.9723876755822854 -1.5588970327197893 3
131 0.10781683011165269 0.9725876310772748 -1.5620534319682549 3
132 0.1059706625342605 0.9727841626972406 -1.5651782999515602 3
133 0.10269755187618396 0.972974624054696 -1.568228255937635 3
134 0.10224798292901309 0.9731642516482458 -1.5712862893090973 3
135 0.09600262276579237 0.9733422966894101 -1.574177269869771 3
136 0.09574074372830986 0.9735198560535933 -1.5770796583954714 3
137 0.09574074372830986 0.9736974154177761 -1.580001574147231 3
138 0.0951643612233139 0.9738739058315091 -1.5829255121196593 3
139 0.09511339500003137 0.9740503017240396 -1.585867687443549 3
140 0.09435545317699946 0.9742252919489 -1.5888062452496574 3
141 0.09431407825363848 0.9744002054404407 -1.5917635199228286 3
142 0.09312356551735375 0.9745729110247074 -1.5947033572577496 3
143 0.09226839557798432 0.9747440306234804 -1.5976359577081973 3
144 0.09203692285846904 0.9749147209363788 -1.600581063258248 3
145 0.09198082417668763 0.9750853072094936 -1.6035444635083935 3
146 0.0907160951497209 0.9752535479349016 -1.6064870577001695 3
147 0.08966914146193694 0.975419846995519 -1.6094154180811757 3
148 0.08895630074958712 0.9755848240323174 -1.61234014127467 3
149 0.08831364015661343 0.975748609200306 -1.6152633498735842 3
150 0.0869096655505643 0.975909790577801 -1.6181594245549953 3
151 0.086015743625338 0.9760693141009438 -1.6210448535008006 3
152 0.08402107734797322 0.9762251383455749 -1.6238820015364825 3
153 0.08384713803009548 0.9763806400049252 -1.6267318744775052 3
154 0.08291939692263159 0.9765344210893693 -1.6295687270005554 3
155 0.08061921677606589 0.9766839362938086 -1.6323447667335496 3
156 0.07969406976526279 0.9768317357343147 -1.6351065017331918 3
157 0.07949414212002465 0.9769791643919733 -1.6378789164417311 3
158 0.07744904168642457 0.9771228002366819 -1.6405971355505475 3
159 0.07739916199619223 0.977266343575256 -1.6433307078130497 3
160 0.07683334682031505 0.977408837561392 -1.6460614216832494 3
161 0.07643886180104795 0.9775505999414587 -1.6487952606627263 3
162 0.0754775044228161 0.9776905794023815 -1.6515117087177142 3
163 0.07470737247624083 0.9778291305880116 -1.654217276058912 3
164 0.07429352846603814 0.9779669142646746 -1.6569246756146325 3
165 0.07350966549815784 0.9781032442006964 -1.6596202250150829 3
166 0.07313414552373558 0.97823887770294 -1.6623187103134107 3
167 0.07257069506819962 0.9783734662383204 -1.6650130824475067 3
168 0.07095869015125696 0.9785050651732762 -1.6676638673386524 3
169 0.07045067580837151 0.9786357219523618 -1.6703117784950188 3
170 0.06963243964443269 0.9787648612427863 -1.6729448968444645 3
171 0.0653425525389971 0.9788860445721728 -1.675430399588454 3
172 0.06504350533617242 0.9790066732930494 -1.6779187355008407 3
173 0.06495339761768792 0.9791271349014871 -1.6804179337293879 3
174 0.06476030973651693 0.9792472384120022 -1.6829241031626638 3
175 0.06476030973651693 0.9793673419225174 -1.685444818850851 3
176 0.06369446114937848 0.9794854687260419 -1.6879384015563954 3
177 0.063167432998934 0.9796026181109704 -1.6904255729719582 3
178 0.06156910383715256 0.9797168032583269 -1.6928635967815513 3
179 0.06138543526968904 0.9798306477766807 -1.695308049747351 3
180 0.061288448422042854 0.9799443124246645 -1.6977624443751609 3
181 0.061288448422042854 0.9800579770726483 -1.7002307887713752 3
182 0.06040491346383066 0.9801700031297949 -1.7026773543399691 3
183 0.05947560710284865 0.9802803057091393 -1.7050998220936604 3
184 0.05925948803004088 0.9803902074772548 -1.7075270012686543 3
185 0.059136614051184026 0.9804998813651105 -1.709962746467166 3
186 0.05699956152610878 0.9806055919070297 -1.7123234702984926 3
187 0.05685187259002776 0.9807110285472375 -1.714690929655177 3
188 0.056687688019902614 0.9808161606931751 -1.717064472091949 3
189 0.05643767736572304 0.9809208291730593 -1.7194405034846028 3
190 0.05617938427960481 0.9810250186264147 -1.72181864174885 3
191 0.05610155643011952 0.9811290637413939 -1.724206552306752 3
192 0.05593478254208909 0.9812327995599924 -1.7266005075670785 3
193 0.05593478254208909 0.981336535378591 -1.7290077321709412 3
194 0.055701215530303064 0.9814398380272716 -1.7314182380549152 3
195 0.05501418767175966 0.9815418665242693 -1.7338122178374613 3
196 0.05330898853110833 0.9816407325842164 -1.7361446523085386 3
197 0.05312388094478004 0.9817392553463777 -1.7384815163764704 3
198 0.052970462575974576 0.9818374935811064 -1.7408242192079162 3
199 0.0529360660685035 0.981935668024582 -1.7431780941432338 3
200 0.052468662235983975 0.9820329756278382 -1.745523843077845 3
201 0.051263954873614674 0.9821280489986771 -1.7478280349113369 3
202 0.05118361215383132 0.9822229733670986 -1.7501408769377822 3
203 0.05107748342598238 0.9823177009107547 -1.7524612677812315 3
204 0.05093184755818707 0.9824121583602891 -1.754787453406511 3
205 0.050859633302213166 0.9825064818823348 -1.75712284086777 3
206 0.05066661770565629 0.982600447440516 -1.7594619197315153 3
207 0.04962931600509083 0.9826924892343392 -1.7617653895755097 3
208 0.049395889299532314 0.982784098118454 -1.7640702211777721 3
209 0.04925323713204653 0.9828754424419737 -1.766380640424732 3
210 0.0492316681610856 0.9829667467639993 -1.768702396810666 3
211 0.049104106255387914 0.9830578145116057 -1.771030567775743 3
212 0.048993669901115734 0.9831486774455861 -1.7733660084102258 3
213 0.04898669138084924 0.9832395274373064 -1.775713740569888 3
214 0.04640194804045898 0.9833255838023406 -1.7779493626032261 3
215 0.04588416486159198 0.9834106798943661 -1.7801714126749855 3
216 0.04566789765428459 0.9834953749004347 -1.7823943361648862 3
217 0.045536011688118494 0.9835798253127452 -1.7846222269177199 3
218 0.045287201176332226 0.9836638142847686 -1.7868493380239525 3
219 0.04528298621092461 0.9837477954397797 -1.7890877200143576 3
220 0.04446674423327241 0.983830262804518 -1.7912970385648108 3
221 0.04412669541423524 0.9839120995197568 -1.7935006289487891 3
222 0.04376177716010828 0.9839932594630105 -1.7956970947462876 3
223 0.04359304916077197 0.9840741064858178 -1.7978961924373222 3
224 0.04323057175536338 0.9841542812634021 -1.8000880571199955 3
225 0.04266422346779605 0.9842334056998469 -1.802262107329607 3
226 0.04240481264814639 0.9843120490368306 -1.804433776840158 3
227 0.042316818480448465 0.9843905291811353 -1.806611819829483 3
228 0.041939906009036874 0.9844683103091574 -1.8087812948515225 3
229 0.041818786244190456 0.984545866810259 -1.8109553491558086 3
230 0.0406081823451401 0.9846211781433138 -1.813076933763346 3
231 0.03944428207400012 0.9846943309241778 -1.8151476807947542 3
232 0.03880700389623999 0.9847663018183794 -1.817194653137751 3
233 0.03821191436378915 0.9848371690683553 -1.81921970746296 3
234 0.03811311468920406 0.9849078530859189 -1.821248975823004 3
235 0.03810156080026248 0.9849785156758113 -1.8232871510898911 3
236 0.03801937993992001 0.9850490258542984 -1.8253305095255172 3
237 0.03801879623396414 0.9851195349502531 -1.8273834958477426 3
238 0.037653418666660186 0.9851893664223872 -1.8294263625878018 3
239 0.037652193682752515 0.9852591956226845 -1.831478817216587 3
240 0.03745520972181941 0.9853286594994475 -1.83353020344397 3
241 0.037339114654402566 0.9853979080680194 -1.8355849216515523 3
242 0.03732017406155409 0.9854671215096487 -1.8376483575764229 3
243 0.037311234070834275 0.9855363183713034 -1.8397211463558525 3
244 0.03726253201723282 0.9856054249108517 -1.8418011504567438 3
245 0.03713366341886107 0.9856742924526074 -1.843883919005265 3
246 0.03706312109373541 0.9857430291676126 -1.845972738896919 3
247 0.03638688734161536 0.9858105117495249 -1.848033267262929 3
248 0.03638688734161536 0.985877994331437 -1.8501036185157083 3
249 0.0362243406802042 0.9859451754567202 -1.8521745716403921 3
250 0.035169644871469175 0.9860104005587902 -1.8541947203160856 3
251 0.0344839227185415 0.9860743539307195 -1.8561846469395407 3
252 0.033617231116010504 0.9861366999492494 -1.858133376994259 3
253 0.033518390089203036 0.986198862658676 -1.8600851222431216 3
254 0.03351839008920303 0.9862610253681028 -1.8620456783627721 3
255 0.03300439928640827 0.9863222348378053 -1.8639848570760504 3
256 0.03292459633033006 0.9863832963061283 -1.8659280128948788 3
257 0.03283759927200674 0.9864441964309967 -1.8678747329532797 3
258 0.03271707732938422 0.9865048730376567 -1.8698230252396804 3
259 0.03268123887157684 0.986565483178844 -1.8717779485593717 3
260 0.03235081826171314 0.9866254805268659 -1.8737218125901136 3
261 0.03222646359506661 0.9866852472485664 -1.875666893790195 3
262 0.032141116833509155 0.986744855687428 -1.8776155396160994 3
263 0.03207309225011181 0.9868043379689055 -1.8795688161874973 3
264 0.032012163424539955 0.9868637072526862 -1.8815271816979686 3
265 0.03169727089349075 0.9869224925414466 -1.8834750236073385 3
266 0.03132655746450703 0.9869805903105763 -1.8854087065848606 3
267 0.0312978535532537 0.9870386348458579 -1.8873492540451062 3
268 0.031100857511578827 0.9870963140352004 -1.889286214854542 3
269 0.030178316250608697 0.9871522822931948 -1.8911740143851072 3
270 0.030059862373109338 0.987208030868384 -1.8930625972594008 3
271 0.02994699146603882 0.9872635701148619 -1.8949522908758336 3
272 0.02981197415324302 0.9873188589602329 -1.8968416671972401 3
273 0.029784457892612397 0.9873740967743546 -1.8987375437532608 3
274 0.029762437008776364 0.9874292937488717 -1.9006403219678556 3
275 0.029419128529604523 0.9874838540285721 -1.9025293804718346 3
276 0.029035878917066035 0.9875377035392219 -1.9044019216939503 3
277 0.02895050793346194 0.9875913947221108 -1.9062770302785923 3
278 0.0289452821135397 0.9876450762132715 -1.9081599292667852 3
279 0.02887750175809727 0.9876986319999899 -1.9100465892256824 3
280 0.028437636316378224 0.9877513720187798 -1.9119125556713887 3
281 0.028385636295047787 0.9878040155991011 -1.9137831397845086 3
282 0.028258397979834086 0.987856423205129 -1.915653376400411 3
283 0.028198388256669912 0.9879087195180138 -1.9175277043655685 3
284 0.02782240974658098 0.9879603185467268 -1.9193850035197078 3
285 0.027760929310819363 0.9880118035547351 -1.9212461490767812 3
286 0.027692005327136636 0.9880631607373448 -1.9231106541537095 3
287 0.027120358329220204 0.9881134577519053 -1.924944461694856 3
288 0.027079743966722348 0.9881636794436713 -1.9267832816020174 3
289 0.02669447421631418 0.9882131866198691 -1.9286035925711007 3
290 0.025749201913896153 0.988260940708066 -1.9303667038286978 3
291 0.025706415685498345 0.9883086154455581 -1.932134054385825 3
292 0.02570641568549834 0.9883562901830504 -1.9339086265300232 3
293 0.02541329818415482 0.9884034213091693 -1.9356701206744311 3
294 0.02540989324443127 0.9884505461205373 -1.93743855107428 3
295 0.025190560175958453 0.9884972641600477 -1.939198853656307 3
296 0.024517245206859082 0.9885427334795968 -1.9409189841755756 3
297 0.02435551530855081 0.9885879028572738 -1.9426345401721314 3
298 0.02427393700718735 0.9886329209410422 -1.9443511194414547 3
299 0.024030775104436804 0.9886774880603503 -1.946057212678897 3
300 0.023978160536681208 0.9887219576014606 -1.9477662770630522 3
301 0.023978160536681184 0.9887664271425711 -1.9494820936509387 3
302 0.023918142183534736 0.9888107853745335 -1.9512003956697046 3
303 0.02374685240158729 0.9888548259350053 -1.9529131443325665 3
304 0.023686646135602726 0.9888987548378283 -1.9546283061924632 3
305 0.023654521405586673 0.9889426241626036 -1.9563479285974132 3
306 0.02338931972741874 0.9889860016482773 -1.958054992848181 3
307 0.023080282717242055 0.9890288059984929 -1.9597461053288479 3
308 0.023056554492094768 0.9890715663426937 -1.961442079837651 3
309 0.023021569436668023 0.9891142618041293 -1.9631421147604426 3
310 0.022378824146435557 0.989155765239677 -1.9648010892094723 3
311 0.022321293726765522 0.989197161980161 -1.9664621357684915 3
312 0.022321293726765522 0.9892385587206449 -1.968129559733488 3
313 0.02220314845860144 0.9892797363506659 -1.9697945336690936 3
314 0.022182732095246998 0.9893208761168021 -1.9714643754254453 3
315 0.02208040661901976 0.9893618261116266 -1.9731329151111492 3
316 0.0219499769749622 0.9894025342135666 -1.9747979768628006 3
317 0.02193024978730209 0.9894432057297567 -1.976467941850347 3
318 0.021887688846404477 0.9894837983130569 -1.9781410932877634 3
319 0.021795463132365134 0.9895242198559149 -1.9798136247191789 3
320 0.021757593675638724 0.9895645711666395 -1.9814896993407045 3
321 0.021570057348788044 0.9896045746752722 -1.9831577369815299 3
322 0.02144088633437627 0.9896443386252564 -1.9848221592302797 3
323 0.02144088633437627 0.9896841025752405 -1.9864929848825317 3
324 0.021077602350838966 0.9897231927841336 -1.988141790389733 3
325 0.02102866073364989 0.9897621922266288 -1.9897930290881647 3
326 0.020895323300588173 0.9898009443834971 -1.9914400399566627 3
327 0.020856828324447754 0.9898396251481533 -1.9930902691106163 3
328 0.0207104197128675 0.9898780343855688 -1.9947351423767803 3
329 0.020710419712867495 0.989916443622984 -1.9963862692284382 3
330 0.020678818054891267 0.9899547942524328 -1.9980411635331545 3
331 0.020510634222505663 0.9899928329706391 -1.999688851356952 3
1 74.57891204543753 0.2008310542924363 -0.09736140037000693 4
2 61.53597383457085 0.3665392171385136 -0.19828026683271813 4
3 53.14985874768811 0.5096646915526348 -0.30950683261198775 4
4 33.05213110855709 0.5986696683629589 -0.39649801603293433 4
5 15.684111582223736 0.6409048871172783 -0.4447905053793825 4
6 14.406025762690403 0.679698391376531 -0.49444088021054056 4
7 12.44277431053498 0.7132051215576461 -0.5424286085275454 4
8 12.07244140359252 0.745714594657629 -0.5946785653499106 4
9 10.099973361200448 0.7729124746323276 -0.6438067222874668 4
10 7.350769734298479 0.7927071162422864 -0.6834156067233343 4
11 5.1120827232227475 0.806473272582962 -0.7132590473471149 4
12 4.55761764421005 0.8187463284836817 -0.7417131874983333 4
13 4.260876846057251 0.8302203010281264 -0.7701142407798478 4
14 3.933117088668231 0.8408116602999215 -0.7980887468331107 4
15 3.6053573312792118 0.850520406299067 -0.8254180912725112 4
16 3.2775975738901924 0.859346539025563 -0.8518495769462945 4
17 2.9498378165011734 0.8672900584794094 -0.877096542201029 4
18 2.622078059112154 0.8743509646606061 -0.9008408413204013 4
19 2.2943183017231386 0.8805292575691533 -0.9227384374486102 4
20 2.162351087323412 0.8863521803861685 -0.9444388920002947 4
21 2.097787596614342 0.8920012423415504 -0.9665812403017839 4
22 1.901231580082835 0.8971210051834846 -0.9876732876913665 4
23 1.8119013561473112 0.9020002136574196 -1.008774871147704 4
24 1.6421319698247252 0.906422255837202 -1.0288274283622334 4
25 1.3803842197432212 0.9101394462677997 -1.046430909556725 4
26 1.2126550823984674 0.9134049645223807 -1.0625070055170416 4
27 1.0689739785711174 0.9162835687449364 -1.0771892934636398 4
28 1.0473945941347125 0.919104062565926 -1.0920732879583805 4
29 0.7363693103608602 0.9210870068177577 -1.1028514834474872 4
30 0.7135808763264552 0.9230085848588565 -1.1135576977455066 4
31 0.7116261437703175 0.9249248990661272 -1.1245040752462703 4
32 0.6855852199911456 0.9267710885419704 -1.1353174215682527 4
33 0.6752694445072506 0.9285894990115312 -1.1462379200723496 4
34 0.6449992007816552 0.930326395755638 -1.15693172265116 4
35 0.6348011296214312 0.932035830455493 -1.1677199853853277 4
36 0.618996990798313 0.9337027067192569 -1.1785042021718988 4
37 0.611620792632727 0.9353497198660399 -1.1894295889526592 4
38 0.5840170392517167 0.9369223997899065 -1.2001248377803486 4
39 0.5716037180993999 0.9384616522970152 -1.2108541686850762 4
40 0.5676501677096344 0.9399902584206999 -1.2217782434376303 4
41 0.5627245370893754 0.941505600478667 -1.2328857129505413 4
42 0.5332329488820021 0.9429415256265454 -1.2436798446671644 4
43 0.5064520833804379 0.9443053334787157 -1.254186392102389 4
44 0.49029087136862304 0.9456256213443651 -1.2646056927586105 4
45 0.4824488585122877 0.9469247917162548 -1.2751082928510125 4
46 0.4799772505816347 0.9482173063779326 -1.2858153622678168 4
47 0.4571147450079082 0.9494482553641099 -1.2962638514940432 4
48 0.4316647681425739 0.9506106709600114 -1.306366873741465 4
49 0.3969253646445015 0.9516795379797984 -1.3158689218234978 4
50 0.39481920273124127 0.9527427333867132 -1.3255314018127677 4
51 0.39390717596256103 0.9538034728272903 -1.3353906713360388 4
52 0.3799750241748088 0.9548266948429633 -1.3451181326188184 4
53 0.3621308779212035 0.9558018649548637 -1.3545960554629877 4
54 0.36211652738677147 0.9567769964226907 -1.3642850571721772 4
55 0.34431240009658215 0.9577041837524712 -1.3737025893737422 4
56 0.34291382999248077 0.9586276049196624 -1.3832893367292005 4
57 0.3428324238589988 0.9595508068710034 -1.3930901371696172 4
58 0.3374332089925438 0.9604594694574725 -1.402957507755116 4
59 0.33426140989548137 0.9613595908123896 -1.4129582832146108 4
60 0.3179128028235189 0.9622156875509047 -1.42268847611342 4
61 0.30656641546024355 0.9630412299829264 -1.4322824904737466 4
62 0.30640629240419126 0.9638663412249338 -1.4420880609791311 4
63 0.2998737266320736 0.964673861139376 -1.4519038282646275 4
64 0.2868511153466819 0.9654463129000687 -1.4615056038117056 4
65 0.27855117491290116 0.9661964140291662 -1.4710372262093956 4
66 0.2703013470301905 0.966924299473079 -1.4804909489014768 4
67 0.25064306724617663 0.9675992477937984 -1.4894449072251608 4
68 0.2368835017056472 0.9682371434413379 -1.4980804466770248 4
69 0.2320967415710914 0.9688621489828396 -1.5067113636238338 4
70 0.23098478746216278 0.9694841601803652 -1.5154746734211575 4
71 0.2228409399303199 0.9700842410836432 -1.5240999753054612 4
72 0.21429377078096773 0.9706613056013988 -1.5325592166038227 4
73 0.21132650767814892 0.971230379675731 -1.5410658695021984 4
74 0.19166822789413507 0.9717465166268692 -1.5489280003589458 4
75 0.18740911810479846 0.9722511843639109 -1.5567555485300553 4
76 0.1770914746725365 0.9727280680645343 -1.5642840956779822 4
77 0.17473008779762306 0.9731985928655346 -1.571842403930502 4
78 0.1720099481101212 0.9736617926934793 -1.579413788348464 4
79 0.16508527299982215 0.9741063452957552 -1.5868066476775655 4
80 0.163685730540271 0.9745471291170185 -1.5942632255740068 4
81 0.16057804404442924 0.9749795443534061 -1.601704785649809 4
82 0.16016924714782116 0.9754108587543231 -1.6092566383526319 4
83 0.15640678920575277 0.9758320413582682 -1.6167600309358277 4
84 0.15489960228720803 0.9762491653090422 -1.6243211230788117 4
85 0.15307907132710782 0.9766613868129709 -1.6319249539082425 4
86 0.15262888959894083 0.977072396037602 -1.6396413286228755 4
87 0.15235166832610766 0.977482658742353 -1.6474828902549474 4
88 0.14812982132781258 0.9778815525767294 -1.6552453610549844 4
89 0.14560840649801923 0.978273656577563 -1.6630133599696215 4
90 0.14107286965439347 0.9786535469831443 -1.6706742781650132 4
91 0.13574342553112867 0.979019085907151 -1.6781755944631362 4
92 0.1310475658482173 0.9793719795079014 -1.6855424458322752 4
93 0.12906666798167915 0.9797195388151353 -1.6929221732161903 4
94 0.12862521716347106 0.980065909354247 -1.700403571214997 4
95 0.11788119261430621 0.9803833476695116 -1.7073751049297792 4
96 0.1170604663089648 0.9806985758783984 -1.714410646156187 4
97 0.11648672519841538 0.9810122590790651 -1.7215267026633867 4
98 0.10505426463625063 0.9812951561896043 -1.7280459139061117 4
99 0.10399809727549991 0.9815752091824331 -1.7345974341224861 4
100 0.10192588454861345 0.9818496819830169 -1.7411157611617014 4
101 0.1018163579128979 0.9821238598429916 -1.7477262489335432 4
102 0.09893587500924914 0.9823902809470344 -1.7542475727505 4
103 0.09826116911348823 0.982654885158169 -1.7608228203530036 4
104 0.09529193378202883 0.9829114936149317 -1.7672958949779423 4
105 0.09321603242537031 0.9831625119464613 -1.7737226994075812 4
106 0.0912425141768105 0.9834082158568007 -1.7801069110289998 4
107 0.08747785496632796 0.9836437820424461 -1.7863171108144325 4
108 0.08649874143721727 0.9838767116060636 -1.792546377810387 4
109 0.0848701488466664 0.984105255587242 -1.7987464511415518 4
110 0.08422385924013276 0.9843320591967862 -1.8049880779772594 4
111 0.08230556054779632 0.9845536970840333 -1.8111754525066552 4
112 0.0813738866510872 0.9847728260978497 -1.8173806923691855 4
113 0.0788079953576188 0.9849850455089441 -1.8234759797695776 4
114 0.07761179426031625 0.9851940437101693 -1.8295635370768306 4
115 0.07720520430345504 0.9854019470189179 -1.8357050644867547 4
116 0.07555638344995247 0.9856054102732161 -1.841800708829181 4
117 0.07435521856194054 0.9858056389508193 -1.8478841522089604 4
118 0.07274584186857119 0.9860015337918294 -1.8539195467374285 4
119 0.07108552593661126 0.9861929576236772 -1.8598993422184522 4
120 0.0701865493667773 0.9863819606316306 -1.8658854146546018 4
121 0.0666836883795236 0.9865615309025567 -1.871650203038269 4
122 0.06391559527320173 0.9867336470682716 -1.8772484531206164 4
123 0.06345785156199321 0.9869045305912783 -1.8828789296202804 4
124 0.06316789443009957 0.9870746332984363 -1.8885571268253925 4
125 0.06251373226504214 0.9872429744342106 -1.8942505741218167 4
126 0.06230566182040993 0.9874107552640538 -1.9000003236530394 4
127 0.060621534890476 0.9875740009648956 -1.9056686844464539 4
128 0.05614923949342195 0.9877252033712582 -1.910985694622257 4
129 0.055864708190474024 0.9878756395728054 -1.9163411616136323 4
130 0.05578731627604955 0.9880258673682584 -1.9217559356913776 4
131 0.0545593814014284 0.988172788499016 -1.9271176368163923 4
132 0.054381344337752574 0.9883192301997281 -1.9325285348782748 4
133 0.05399436837726864 0.9884646298258376 -1.9379684642537203 4
134 0.0484972279123809 0.9885952263865111 -1.9429133311140627 4
135 0.048251472501056214 0.9887251611606687 -1.9478896571386333 4
136 0.04818462754738841 0.9888549159302896 -1.952916651196879 4
137 0.047326465045475295 0.9889823597828525 -1.9579114136888478 4
138 0.04645018028300369 0.9891074439175289 -1.9628701953357457 4
139 0.04357453952862265 0.9892247843355348 -1.9675740287356913 4
140 0.04340426682182312 0.9893416662318717 -1.9723106838524063 4
141 0.04303243482797722 0.9894575468342867 -1.9770583196389173 4
142 0.04207979041197389 0.9895708620924618 -1.9817515897012756 4
143 0.04191036890057076 0.9896837211211232 -1.9864769261385757 4
144 0.04035835336064255 0.9897924007791208 -1.9910763899138162 4
145 0.039657341900292735 0.9898991927068365 -1.9956439144396247 4
1 45.23030421472781 0.31846145787051694 -0.16650957906504105 5
2 33.05213110855709 0.5511777758636016 -0.34792564644700097 5
3 10.214627292915235 0.6230978116843321 -0.423771341004467 5
4 5.08748355141109 0.6589182081376261 -0.4671414641304602 5
5 4.565690366650978 0.6910647177751978 -0.5101324898839611 5
6 4.043897181890866 0.7195373405970471 -0.5521249522144087 5
7 3.522103997130755 0.7443360766031738 -0.5923305507185792 5
8 3.000310812370643 0.765460925793578 -0.6297847934666874 5
9 2.478517627610531 0.7829118881682597 -0.6633639587069784 5
10 2.269223702881832 0.798889235683397 -0.6965646834649689 5
11 2.069455248693826 0.8134600361000396 -0.7292281116197471 5
12 1.9567244428504247 0.8272371116589989 -0.762549543799853 5
13 1.787430137181734 0.8398222051535336 -0.7953976895255274 5
14 0.9353431689836073 0.8464078506488552 -0.8136309820949458 5
15 0.9095424501709203 0.8528118362002554 -0.8321271125741699 5
16 0.8286942323779496 0.8586465785915312 -0.8496936751062947 5
17 0.7838747558681133 0.864165752116355 -0.866990717598391 5
18 0.7478460145849789 0.8694312513475063 -0.884160758067785 5
19 0.694289069483186 0.874319662183779 -0.9007326606262347 5
20 0.6669977967920082 0.8790159182548057 -0.9172717674108234 5
21 0.6047033830982588 0.883273566402527 -0.9328307834956917 5
22 0.5861495789990375 0.8874005793134293 -0.948463843883188 5
23 0.5151176967133315 0.8910274647725993 -0.9626829451985066 5
24 0.5053013612060668 0.8945852345233772 -0.9770985531092972 5
25 0.47950616987049277 0.8979613832485751 -0.991235437374038 5
26 0.44234651217390347 0.9010758950255038 -1.004697870365911 5
27 0.43236684450972074 0.9041201410907912 -1.0182726137184541 5
28 0.42445314341309726 0.9071086676814447 -1.0320248080929173 5
29 0.38802152712410837 0.9098406833810616 -1.0449893887737165 5
30 0.3820635828853528 0.9125307498689471 -1.0581445966407614 5
31 0.37758724613907646 0.915189298975933 -1.0715493470062913 5
32 0.36088559326111425 0.9177302536334296 -1.0847598415994664 5
33 0.343676209738496 0.920150038967376 -1.09772529146439 5
34 0.33966217777253527 0.9225415619561091 -1.1109312648474652 5
35 0.33594632394347573 0.9249069220381764 -1.1244000941747174 5
36 0.3254030496600135 0.9271980481181222 -1.1378569767286513 5
37 0.3107950990125485 0.9293863212692526 -1.1511111626611874 5
38 0.29933089235288357 0.9314938762375286 -1.16427060518817 5
39 0.29638251553792877 0.9335806720180178 -1.1777055228236515 5
40 0.29387429627052286 0.9356498077102449 -1.191450151008937 5
41 0.2705259036434793 0.9375545500099438 -1.204499200463592 5
42 0.26516129236769553 0.9394215206882163 -1.2176816328650024 5
43 0.25306472954335496 0.9412033208353783 -1.2306472021756918 5
44 0.22391398022160994 0.9427798738525864 -1.242451189084667 5
45 0.22118470925567485 0.9443372103815169 -1.2544350321817292 5
46 0.21980939320376858 0.9458848634656302 -1.2666812414756823 5
47 0.210640257581658 0.947367957702565 -1.2787497775924936 5
48 0.2028323745865938 0.9487960775181543 -1.2906967685755284 5
49 0.20069553292518 0.9502091520732142 -1.3028504777255747 5
50 0.19764592618360033 0.9516007546920201 -1.3151614102798692 5
51 0.19687175798204085 0.9529869064800524 -1.3277811707551634 5
52 0.18158167264659145 0.954265402506059 -1.3397551387486015 5
53 0.17965153177669738 0.955530308628438 -1.3519358846300558 5
54 0.16246781236800287 0.9566742261253913 -1.3632536712806202 5
55 0.157592764314685 0.9577838189602138 -1.374521056399353 5
56 0.15647068896680094 0.9588855113893827 -1.3860051072038775 5
57 0.14766625494430255 0.9599252127940998 -1.3971287750386632 5
58 0.1448627092420152 0.9609451747505191 -1.4083253011013306 5
59 0.1433539520894143 0.9619545137184189 -1.419696860556526 5
60 0.14318709787855546 0.9629626778846864 -1.4313604213579465 5
61 0.14105657626710763 0.9639558412891813 -1.4431651066784414 5
62 0.13835696571876444 0.9649299970410454 -1.4550641974758516 5
63 0.13778203788217713 0.9659001047910181 -1.467246955618377 5
64 0.13713874464458917 0.9668656831860409 -1.479721979561687 5
65 0.13519331860006142 0.9678175640562497 -1.4923810864989477 5
66 0.1332898461569045 0.9687560427922085 -1.5052339656824247 5
67 0.12675947485160297 0.9696485419221832 -1.5178204406697933 5
68 0.12424009181082572 0.9705233023610299 -1.5305211733743227 5
69 0.12233837214934065 0.9713846730067638 -1.5434012869547287 5
70 0.11771972238340447 0.9722135242617179 -1.5561665329087218 5
71 0.11687963510339648 0.9730364605571203 -1.5692230995396317 5
72 0.1157369118210288 0.9738513510670975 -1.582550745654966 5
73 0.11010900334700807 0.974626616109846 -1.595621609766016 5
74 0.1051262315322374 0.9753667980196392 -1.6084791321309226 5
75 0.10471434879045462 0.9761040799096186 -1.6216762427124491 5
76 0.1030969448683123 0.9768299738414588 -1.635073475899118 5
77 0.10272159457606232 0.9775532249743314 -1.6488460461601815 5
78 0.09369178575988045 0.978212898244313 -1.6618005382359744 5
79 0.09203435632989904 0.9788609017410803 -1.6749135425502555 5
80 0.08692816053711164 0.9794729530906184 -1.6876735252133785 5
81 0.08266922272930628 0.9800550177406022 -1.700166345648906 5
82 0.08201928484350546 0.9806325062514192 -1.7129265755423302 5
83 0.08201928484350546 0.9812099947622361 -1.7260730988387172 5
84 0.0816696780492503 0.9817850217311441 -1.739571342551168 5
85 0.0788704927648316 0.982340339952963 -1.7530176609575996 5
86 0.07709983137980883 0.9828831911481756 -1.766577199193009 5
87 0.07271988283162997 0.9833952036208926 -1.7797664456887377 5
88 0.07164665969873224 0.9838996596508784 -1.793164943211437 5
89 0.07054861216837413 0.9843963844523573 -1.80677475866749 5
90 0.06251373226504219 0.9848365365729252 -1.8192015918783864 5
91 0.06093425581717153 0.9852655677784125 -1.8316665946482835 5
92 0.05717001424279433 0.98566809538459 -1.8436960909007736 5
93 0.05714145958748989 0.9860704219406684 -1.8560620385853195 5
94 0.05679188339962711 0.9864702871703338 -1.8687114212748746 5
95 0.05399436837726867 0.9868504554130364 -1.88108928799503 5
96 0.052248532727656935 0.9872183314243285 -1.893412447749997 5
97 0.051371430523556125 0.987580031858174 -1.905879518156775 5
98 0.048748654768248474 0.9879232656244786 -1.9180504857831486 5
99 0.04770518205568677 0.9882591524173976 -1.9303005498379693 5
100 0.046422331373861876 0.9885860068037152 -1.9425623906636034 5
101 0.0431618313837166 0.988889904378261 -1.9542822031820035 5
102 0.038618480711746436 0.9891618127344333 -1.965043349383817 5
103 0.03707418114736679 0.9894228478519841 -1.9756312484529488 5
104 0.03407513003977626 0.9896627669897834 -1.9855956942410458 5
105 0.03307363447743224 0.9898956347105653 -1.9954909617086491 5
