x y yc yclog atom
1 270.25491093236025 0.5345868998987819 -0.33216139667971106 1
2 145.263935840698 0.8219311589180387 -0.7494120677913388 1
3 18.954470482701186 0.8594246926326073 -0.8520909582342336 1
4 7.7068820661038675 0.8746695523000609 -0.9019434089602483 1
5 7.1048928339511015 0.8887236267333859 -0.9535970373650754 1
6 6.7925062277528365 0.9021597742369047 -1.009482553850416 1
7 6.400630868459137 0.9148207593844508 -1.0696662360390572 1
8 5.895458265168539 0.92648247071686 -1.1336090967896408 1
9 5.747505269636776 0.9378515186044523 -1.2065694789224408 1
10 4.783788739838009 0.9473142542986087 -1.2783068686696561 1
11 2.8488923701796707 0.9529496025520983 -1.32743670361395 1
12 1.4523896595625598 0.9558225512170161 -1.354799367945438 1
13 1.0316319327726946 0.9578632057785739 -1.3753385087114245 1
14 0.8407671453526777 0.9595263137688052 -1.3928272394690335 1
15 0.8356791699585477 0.9611793573166056 -1.4109372790573578 1
16 0.8010654646473758 0.9627639320497138 -1.4290361858446456 1
17 0.7393817938157572 0.9642264913039894 -1.4464384617916097 1
18 0.7063709207743916 0.9656237522803494 -1.4637415297311318 1
19 0.6252030456213814 0.9668604563861619 -1.4796534768266563 1
20 0.6105746318694912 0.9680682242616164 -1.495776929505099 1
21 0.5749356846029355 0.9692054953077289 -1.511526776835732 1
22 0.4442094182651496 0.9700841788254381 -1.5240990714886171 1
23 0.44116748827929536 0.9709568451502856 -1.5369562096178375 1
24 0.43738011410566585 0.9718220197310934 -1.5500901393141127 1
25 0.4168259889884895 0.9726465365270391 -1.5629876758401335 1
26 0.4123956955654266 0.9734622898307012 -1.5761365533532996 1
27 0.4028050979941392 0.9742590721273011 -1.5893758023139126 1
28 0.39101311032696007 0.9750325288824377 -1.6026254438443668 1
29 0.38175036698724796 0.9757876631537036 -1.6159632927361016 1
30 0.36351872274593455 0.9765067337022367 -1.6290565985276335 1
31 0.3343339854779336 0.9771680743905922 -1.6414574592380264 1
32 0.31031130394602363 0.9777818961983357 -1.6532930085640907 1
33 0.29999032242927715 0.9783753022382623 -1.6650499537510934 1
34 0.2957248989381519 0.9789602709124701 -1.6769598565595678 1
35 0.2918814810531201 0.9795376369834722 -1.689044214916115 1
36 0.2856335813421966 0.9801026441843771 -1.701204633689985 1
37 0.2856218596414195 0.980667628198774 -1.7137148610777404 1
38 0.28000134091527834 0.981221494355326 -1.7263389709673558 1
39 0.27965972841061115 0.9817746847736677 -1.7393249513571625 1
40 0.27965083618224607 0.9823278576024351 -1.7527107976896146 1
41 0.2709185003267904 0.98286375713786 -1.7660843914620417 1
42 0.2685367923669737 0.9833949454550119 -1.7797596934743027 1
43 0.2503141855366015 0.9838900879261887 -1.7929068299074595 1
44 0.24803034576841423 0.9843807127705911 -1.806338788601967 1
45 0.2444834798025941 0.9848643216163776 -1.8199981091202724 1
46 0.2423458156776151 0.9853437019830825 -1.8339757127682759 1
47 0.24234581529669477 0.9858230823490337 -1.848418183306027 1
48 0.20614601171964417 0.9862308564647807 -1.8610930727783837 1
49 0.20564332646381478 0.9866376362268946 -1.8741167093147042 1
50 0.1911741905834674 0.9870157948236509 -1.8865846304082412 1
51 0.18989555648486972 0.9873914241748275 -1.899333965464892 1
52 0.17090742144798976 0.9877294934009753 -1.9111375066601843 1
53 0.16758175514256407 0.9880609841800039 -1.923031472332405 1
54 0.16366358106540466 0.9883847244818036 -1.9349704841320872 1
55 0.1567309641292516 0.9886947514853571 -1.9467198864498194 1
56 0.14889753735806538 0.9889892833131941 -1.9581844119097107 1
57 0.14348492144932035 0.989273108532411 -1.9695261134547486 1
58 0.14182536596723117 0.9895536510115758 -1.9810354694797676 1
59 0.13792837767140206 0.9898264849207656 -1.992528966865042 1
1 34.747541894319156 0.31214543819343044 -0.16250337816260732 2
2 4.322746413199612 0.3509776979674052 -0.18774037949658354 2
3 4.230773085259197 0.3889837394483167 -0.21394723202601917 2
4 3.954853101437943 0.4245111260500383 -0.2399630682615492 2
5 3.586959789676274 0.4567336394795067 -0.26498718598897114 2
6 3.219066477914605 0.48565127973672195 -0.288742336384032 2
7 2.8511731661529356 0.511264046821684 -0.31092571152919557 2
8 2.4832798543912666 0.533571940734393 -0.3312153312814795 2
9 2.385496078075125 0.555001419713486 -0.3516413745802289 2
10 2.115386542629601 0.5740044404539418 -0.37059492783318465 2
11 2.060400960480568 0.5925135126242675 -0.38988678828708695 2
12 2.0052975263618285 0.6105275775321727 -0.4095232881687187 2
13 1.8937699911979808 0.6275397640499392 -0.4289200859472966 2
14 1.863276938859566 0.644278024221693 -0.44888930415792216 2
15 1.6301173869222023 0.658921756650166 -0.4671459824233401 2
16 1.421357397073653 0.6716901484083053 -0.4837160852032887 2
17 1.3881726618533228 0.6841604337925267 -0.5005334654954814 2
18 1.1045677476138172 0.6940830287387209 -0.5143964291262252 2
19 1.1045677476138172 0.7040056236849153 -0.5287165401523041 2
20 1.0214920508372658 0.7131819298762844 -0.5423934907036813 2
21 0.9510762016121188 0.7217256737362233 -0.5555268600558474 2
22 0.8313563150733898 0.7291939453639751 -0.5673416299956805 2
23 0.8271730282442267 0.7366246375305853 -0.5794248536871814 2
24 0.8214636516497794 0.7440040410085079 -0.5917668901629468 2
25 0.807255443049474 0.7512558087672484 -0.6042470522707519 2
26 0.7552831905042138 0.7580406974128138 -0.6162576759541278 2
27 0.7410325642682855 0.7646975692914816 -0.6283735864752997 2
28 0.6982806855604995 0.770970390869457 -0.6401083680934885 2
29 0.6860626156591497 0.7771334546178043 -0.6519551188070738 2
30 0.6790012594870524 0.7832330845231683 -0.6640070022180546 2
31 0.6712736110774298 0.7892632951238124 -0.676259814952527 2
32 0.6598196431064093 0.7951906120043125 -0.6886501401704351 2
33 0.6469918910724943 0.8010026941354931 -0.7011528032691802 2
34 0.6412781806167853 0.8067634486458787 -0.7139107218646726 2
35 0.6158383516277917 0.8122956711181856 -0.7265257114606674 2
36 0.584275675673071 0.8175443585609814 -0.7388427039191834 2
37 0.5698995017830324 0.8226639014124246 -0.7512028502894917 2
38 0.552675443768531 0.8276287164516742 -0.7635350844236596 2
39 0.5458054240933078 0.8325318164692272 -0.7760676902958912 2
40 0.5272731707293568 0.8372684368444332 -0.7885282038249981 2
41 0.4895125359092703 0.8416658444506258 -0.800425389833981 2
42 0.4702706657856425 0.8458903977582419 -0.8121703004724401 2
43 0.4263496280500096 0.8497203979313775 -0.8230999635928841 2
44 0.4162746950406366 0.8534598925836175 -0.8340434944516805 2
45 0.413268160841929 0.8571723788236438 -0.8451877970102323 2
46 0.4121340310874446 0.8608746769061809 -0.8565938140843703 2
47 0.4015600118553199 0.8644819860575091 -0.8680029716838028 2
48 0.3915343390287135 0.867999232203887 -0.8794235426680491 2
49 0.37051159739807704 0.8713276260591218 -0.8905146864515926 2
50 0.367374598345862 0.8746278395053153 -0.9017988900269958 2
51 0.3631867201907473 0.8778904322453938 -0.9132503060777499 2
52 0.3516575830637138 0.8810494560029106 -0.9246335674611508 2
53 0.3402383975130691 0.8841058984990433 -0.9359386671492096 2
54 0.33610867508238434 0.8871252427157734 -0.9474031705454092 2
55 0.3200183216248181 0.8900000434581488 -0.9586074864203016 2
56 0.3135137771904284 0.8928164123298927 -0.9698717102588784 2
57 0.30484275181890674 0.8955548873171597 -0.9811118772206096 2
58 0.29736482302396344 0.8982261862904348 -0.9923639511189621 2
59 0.27357682855542914 0.9006837920482386 -1.0029798708438595 2
60 0.2672227328891643 0.9030843174524995 -1.0136059412902172 2
61 0.2561488608686454 0.9053853636289966 -1.0240416754007562 2
62 0.2423109052919515 0.907562100157337 -1.0341499301023143 2
63 0.22488857923194866 0.9095823277844467 -1.0437466779802627 2
64 0.22008743378602022 0.91155942557942 -1.0533484453461728 2
65 0.21104498202847302 0.9134552928782972 -1.0627594874434352 2
66 0.2080520444123093 0.9153242739062972 -1.0722410705955088 2
67 0.18697217898669488 0.9170038894865096 -1.0809422596975213 2
68 0.18193056389301027 0.9186382150385121 -1.0895795321794468 2
69 0.17977905876499614 0.9202532131079258 -1.098286806241359 2
70 0.17856147937647307 0.9218572733719282 -1.107111439043329 2
71 0.17569571768709785 0.9234355898166696 -1.1159730587327616 2
72 0.1716097707641422 0.9249772012278125 -1.1248067382572162 2
73 0.16845422582686134 0.9264904656278148 -1.1336563281717835 2
74 0.16763887299640273 0.9279964055193002 -1.1426458226775122 2
75 0.16625722370463067 0.9294899337263872 -1.1517488771219817 2
76 0.15935192999527478 0.9309214300367343 -1.1606566616009748 2
77 0.15610128031089276 0.932323724987364 -1.169563553426152 2
78 0.15497788776071245 0.9337159282353661 -1.1785908211549765 2
79 0.14779334372493452 0.9350435910144886 -1.1873779924011933 2
80 0.14300814230345174 0.936328267190441 -1.196053330764565 2
81 0.14150154969456355 0.937599409286443 -1.2048112990607829 2
82 0.13672691621612443 0.938827659713622 -1.2134449042656774 2
83 0.12899624159129064 0.9399864636508698 -1.2217507813048454 2
84 0.1288640937282059 0.9411440804724145 -1.23020985076652 2
85 0.12802521162841463 0.9422941614164162 -1.2387802434066426 2
86 0.12666435461162867 0.9434320174579741 -1.2474293097957312 2
87 0.1256784976331868 0.9445610173116764 -1.2561847476765722 2
88 0.12426443819826097 0.9456773143329515 -1.265018767049596 2
89 0.12408230530604039 0.946791975211111 -1.274022862842016 2
90 0.11809378857690879 0.947852839818322 -1.28276933730472 2
91 0.11454887356226572 0.9488818596103236 -1.2914249536210154 2
92 0.11032056691980563 0.9498728955174869 -1.2999273810359613 2
93 0.10212798630635016 0.950790335523297 -1.3079495960797818 2
94 0.10107253549611694 0.9516982941632983 -1.3160375313109178 2
95 0.09836191652097477 0.9525819026679622 -1.3240558762282397 2
96 0.09601139507704587 0.9534443958791089 -1.332028033430509 2
97 0.09438668297530248 0.9542922939147903 -1.3400105739312729 2
98 0.09397677922798257 0.955136509687559 -1.3481069419775873 2
99 0.0938469014825818 0.955979558737632 -1.3563456083785133 2
100 0.09094355057002507 0.9567965262955066 -1.3644813330452052 2
101 0.0896306906011563 0.9576017001198412 -1.3726515577343652 2
102 0.08935772051897029 0.9584044217889651 -1.3809528342918935 2
103 0.08408349998067695 0.9591597638798138 -1.3889117556792145 2
104 0.08041763135115244 0.9598821746003456 -1.3966626160934494 2
105 0.07748894388035622 0.9605782762243467 -1.40426438944555 2
106 0.07601118579766464 0.9612611027958082 -1.411852746677083 2
107 0.07365910322903456 0.9619228000497979 -1.419334995447407 2
108 0.07365910322903456 0.9625844973037876 -1.426948415435614 2
109 0.07347190353782009 0.9632445128984005 -1.4346778173944494 2
110 0.07160474024417683 0.9638877553207919 -1.442345515685732 2
111 0.07085079164084032 0.9645242248434518 -1.4500681062994225 2
112 0.06719829469068903 0.9651278831167728 -1.4575216883338131 2
113 0.06561167604587356 0.9657172884172177 -1.464924834973275 2
114 0.06279184913720122 0.9662813625414686 -1.4721299831634562 2
115 0.06176760695263775 0.9668362356544223 -1.479336179517252 2
116 0.06155935308830093 0.9673892379733516 -1.486639052770192 2
117 0.05838540358371342 0.9679137279485323 -1.4936807385456994 2
118 0.05397895803022572 0.9683986337746426 -1.5002941410743968 2
119 0.053511826652614294 0.9688793432484181 -1.5069512464966675 2
120 0.050253658594748715 0.9693307838231381 -1.5132973232810818 2
121 0.0482531690802439 0.969764253524465 -1.5194793048419395 2
122 0.047031152501629835 0.970186745560046 -1.5255906134283648 2
123 0.04581735429768271 0.9705983337574964 -1.5316280566824176 2
124 0.04357652463501951 0.9709897920488055 -1.537449158073152 2
125 0.04255735214512361 0.9713720948710913 -1.5432104306805254 2
126 0.04070462714794141 0.9717377542238086 -1.5487933311832953 2
127 0.04070462714794141 0.9721034135765259 -1.5544489360865537 2
128 0.0406217527152918 0.972468328448492 -1.560167420151956 2
129 0.04052812385694764 0.9728324022301412 -1.5659487613398495 2
130 0.04024289234994567 0.9731939137092828 -1.571766588718283 2
131 0.039553818095608276 0.9735492350704089 -1.5775617640863797 2
132 0.03864618198793447 0.9738964029203769 -1.5832996426927082 2
133 0.03853568859137584 0.9742425781818682 -1.5890976097203922 2
134 0.03618934348491399 0.9745676756668755 -1.5946139465910776 2
135 0.03596664268528412 0.9748907725776005 -1.600166649746278 2
136 0.03523520611780824 0.9752072988195699 -1.6056761539966935 2
137 0.03427700676940323 0.9755152173287563 -1.6111037464588536 2
138 0.03339759677919239 0.9758152358887154 -1.616458144193122 2
139 0.032951438944855416 0.9761112465066701 -1.6218065109906832 2
140 0.03210096311321081 0.9763996170978295 -1.627080950803167 2
141 0.031865141025520426 0.9766858692430535 -1.63238077212452 2
142 0.03145391762267757 0.9769684272705852 -1.6376764048761814 2
143 0.03090743817677253 0.9772460761432008 -1.6429436995601636 2
144 0.03082855087310067 0.9775230163523937 -1.6482619703758599 2
145 0.030447674312273732 0.9777965350567983 -1.6535792467975192 2
146 0.028852507936919514 0.978055724002029 -1.6586787431522494 2
147 0.02848330822761091 0.9783115963384074 -1.663772412323051 2
148 0.02825950496700895 0.9785654581968343 -1.668885795777497 2
149 0.027726247734676805 0.9788145296786364 -1.673961890138061 2
150 0.027522563452633514 0.9790617714160594 -1.6790600632857198 2
151 0.026695376232519805 0.9793015823338267 -1.684062853824047 2
152 0.026518942142948088 0.9795398083021791 -1.6890903015663912 2
153 0.02644342684664524 0.9797773558986532 -1.6941620612301729 2
154 0.026298268931982154 0.9800135995070348 -1.6992654143262522 2
155 0.02569045906091723 0.9802443830146956 -1.7043094023718617 2
156 0.02460160642024137 0.9804653850999557 -1.7091951459152281 2
157 0.024597120929329076 0.9806863468909834 -1.7141355731892525 2
158 0.024554576058285267 0.9809069264913097 -1.7191241553976842 2
159 0.023523906618019928 0.9811182473427712 -1.723957695735243 2
160 0.02312141315482555 0.9813259524996659 -1.7287615408324337 2
161 0.022904943908500584 0.9815317130618046 -1.7335733865192708 2
162 0.022590209973622447 0.9817346462941048 -1.7383719133216973 2
163 0.022464404609807094 0.9819364493868822 -1.743196879707794 2
164 0.02193280293496611 0.9821334769753017 -1.7479599566219493 2
165 0.02134510825018738 0.982325225162506 -1.75264611006044 2
166 0.0212082813967598 0.9825157442015233 -1.7573528483128902 2
167 0.020625843888959626 0.9827010310657974 -1.7619797812371396 2
168 0.02005319007378901 0.9828811736445673 -1.7665260133055551 2
169 0.01971165598760262 0.9830582481413613 -1.7710416835447371 2
170 0.019663202770463368 0.9832348873713748 -1.775593524619525 2
171 0.0196398629774749 0.9834113169344735 -1.780188090170733 2
172 0.019511618885019018 0.9835865944503694 -1.7848012996315623 2
173 0.019511099984442448 0.983761867304858 -1.7894639139385808 2
174 0.01866147780429684 0.983929507801106 -1.7939708216815728 2
175 0.01853797164307746 0.984096038812115 -1.79849469280013 2
176 0.01825569392288081 0.9842600340551863 -1.8029962116208849 2
177 0.017814956373278235 0.9844200700479607 -1.8074344992636597 2
178 0.017703027239078673 0.9845791005546854 -1.8118902947192503 2
179 0.01713283818133554 0.9847330089174087 -1.8162465480772145 2
180 0.016895840948304056 0.9848847882775861 -1.8205857651760697 2
181 0.016445421753948728 0.9850325214149479 -1.8248513545552763 2
182 0.01611829386153748 0.9851773158846011 -1.8290731464945407 2
183 0.015428420208769842 0.9853159130550527 -1.8331530526889552 2
184 0.015290460823663808 0.9854532709035158 -1.8372346489490663 2
185 0.014439731133503053 0.985582986444712 -1.841124693207732 2
186 0.013507626781309253 0.9857043286706867 -1.8447954452188673 2
187 0.01348427362425094 0.9858254611096938 -1.848491060170704 2
188 0.013050216927893776 0.9859426943140991 -1.852097911028536 2
189 0.012891251255861479 0.9860584994920413 -1.855690481097663 2
190 0.012801525592643298 0.9861734986429973 -1.8592876993968763 2
191 0.01264999968408327 0.9862871366006561 -1.8628718501929078 2
192 0.012509978899116392 0.986399516718281 -1.8664456590669394 2
193 0.012293682613233266 0.9865099537948946 -1.86998656281231 2
194 0.012249665504989921 0.9866199954553495 -1.873543739055767 2
195 0.012118777561035656 0.9867288613182547 -1.87709181247975 2
196 0.011916163297873634 0.9868359070490149 -1.8806090598357779 2
197 0.011792372586857284 0.9869418407383579 -1.8841180388996857 2
198 0.011537148298572757 0.98704548168718 -1.8875787307270524 2
199 0.011436029529428012 0.987148214262034 -1.8910365235184914 2
200 0.011119981243659054 0.9872481076999228 -1.894425363896495 2
201 0.01110919318867085 0.9873479042261462 -1.8978375292208416 2
202 0.011068274772170482 0.9874473331724961 -1.901263998052965 2
203 0.0109347454896313 0.9875455625935232 -1.9046758856931982 2
204 0.010908332448364762 0.9876435547399147 -1.908106450442299 2
205 0.010803638810245781 0.9877406063984396 -1.9115310112213042 2
206 0.010780613983912248 0.9878374512194701 -1.9149754048882386 2
207 0.010780246056605774 0.987934292735322 -1.9184472156412962 2
208 0.01075328149782037 0.9880308920221251 -1.9219382150674589 2
209 0.010622686931180623 0.9881263181468568 -1.9254145918656957 2
210 0.010156033658822365 0.988217552214187 -1.9287644761499954 2
211 0.010077118392405316 0.9883080773668982 -1.9321140670853958 2
212 0.010070533466212728 0.9883985433656503 -1.9354874790019907 2
213 0.00998393771043963 0.9884882314541199 -1.9388579508519928 2
214 0.009920933823638931 0.9885773535636806 -1.942233265657653 2
215 0.009712531964843202 0.9886646035497474 -1.9455632860230279 2
216 0.009646419428546557 0.9887512596311667 -1.9488961070186728 2
217 0.009596974703449761 0.9888374715388537 -1.952237420779498 2
218 0.009595233681780448 0.9889236678065286 -1.9556040276801556 2
219 0.009445366835918432 0.9890085177846613 -1.958943738464811 2
220 0.009403734869279968 0.9890929937729298 -1.9622944389153063 2
221 0.009387785434605105 0.989177326483631 -1.965665442558235 2
222 0.009286379022067151 0.9892607482363952 -1.969025976202351 2
223 0.009273945053922457 0.9893440582918646 -1.9724081639155497 2
224 0.009267545354591194 0.9894273108573117 -1.975814536695033 2
225 0.0092641527443129 0.9895105329461336 -1.9792465767678076 2
226 0.009219491295179332 0.9895933538305288 -1.9826892113899 2
227 0.009169207529460944 0.9896757230038902 -1.9861403520293484 2
228 0.00865143607973757 0.9897534409130971 -1.9894219512380815 2
229 0.008545618868998813 0.9898302082411174 -1.9926879397905426 2
230 0.00844096807804555 0.9899060354661774 -1.9959382255377593 2
231 0.008361864197953364 0.9899811520822569 -1.9991822157675114 2
1 49.34818404774631 0.2413351405604257 -0.11995003153488272 3
2 25.802494560356728 0.36752111420250333 -0.19895396807260907 3
3 20.96623191820086 0.4700555564447112 -0.27576965704457623 3
4 15.961859499802857 0.5481163337625468 -0.3449733563699374 3
5 9.33533938920059 0.5937704036568348 -0.39122843873455965 3
6 8.108438727972281 0.633424369408593 -0.43583640967238135 3
7 5.844839298243331 0.6620083009313797 -0.4710939656778534 3
8 4.392760706729554 0.6834909054702047 -0.4996138065080482 3
9 3.701521558271824 0.7015930351187581 -0.5251910445566398 3
10 3.5838892576595693 0.7191198891345701 -0.5514790121234695 3
11 3.2625275733428514 0.7350751378572619 -0.5768772829835057 3
12 3.1539127487391454 0.7504992105201148 -0.6029280758273037 3
13 2.7687009736134303 0.7640394218071256 -0.6271605483154549 3
14 1.9730626773249316 0.7736885987273145 -0.6452935663056047 3
15 1.9096554711401479 0.7830276854727088 -0.663595678202609 3
16 1.8831439574372775 0.792237118817286 -0.6824320406935503 3
17 1.6074278156481703 0.8000981744025301 -0.6991832396823481 3
18 1.5739391231117452 0.8077954549983511 -0.7162363469182621 3
19 1.4118629930677762 0.8147001093530971 -0.7321248369760871 3
20 1.389129497267131 0.8214935865387061 -0.74834617573771 3
21 1.215326275664298 0.8274370866537344 -0.7630525357339393 3
22 1.1371730003004819 0.8329983815861579 -0.7772793200811874 3
23 1.093052888411518 0.8383439090367638 -0.7914079271681853 3
24 1.0598505219050744 0.843527061762901 -0.8055607622105191 3
25 1.0508983549129556 0.8486664343070306 -0.820064735040332 3
26 1.0408274877162338 0.8537565557146212 -0.834923593105599 3
27 1.0348434898270134 0.8588174126416726 -0.8502188633445154 3
28 0.921499958514667 0.8633239679750844 -0.8643076381166037 3
29 0.8588788775932935 0.8675242776449966 -0.8778637037144696 3
30 0.8234217109855118 0.871551185588943 -0.8912698999387948 3
31 0.8234216846049245 0.8755780934038763 -0.9051031479713949 3
32 0.7699285736131255 0.8793433954939113 -0.9184489006756593 3
33 0.7682923779035051 0.883100695840231 -0.932188073957681 3
34 0.7622443173160502 0.8868284184101815 -0.9462626147394916 3
35 0.7507208552183545 0.8904997859916202 -0.9605850320332909 3
36 0.739837107510126 0.8941179270798519 -0.9751775648303681 3
37 0.597561164697083 0.8970402738785931 -0.9873326213495894 3
38 0.5701495383162095 0.8998285653147454 -0.9992561060859312 3
39 0.5524172543830538 0.9025301377901489 -1.0111296478836838 3
40 0.5492488815168967 0.9052162154763164 -1.023265954795309 3
41 0.536609785989903 0.9078404822173716 -1.0354598063263694 3
42 0.5114929625663768 0.9103419162295571 -1.0474105473887623 3
43 0.5062693018788907 0.9128178041571079 -1.0595721966805571 3
44 0.49426205235539733 0.9152349711548532 -1.071783285857994 3
45 0.482362516738845 0.9175939439929544 -1.0840408709024294 3
46 0.4630921942201286 0.919858676159723 -1.0961434878107492 3
47 0.45835406557162656 0.9221002367151052 -1.1084638620221747 3
48 0.43213892371314105 0.9242135932632417 -1.1204086836636933 3
49 0.420016347638333 0.9262676648821061 -1.132342011685442 3
50 0.3852169189584839 0.9281515514136378 -1.1435826050893423 3
51 0.3791822134970645 0.9300059254814615 -1.1549387244546931 3
52 0.3769355069233605 0.9318493121288314 -1.1665297563055343 3
53 0.3592462932150051 0.933606190448507 -1.1778724116403831 3
54 0.3338571632749764 0.9352389043361775 -1.188685812223685 3
55 0.30851048594191766 0.9367476614044644 -1.1989234129132365 3
56 0.2907788196265928 0.9381697025324354 -1.2087986640912736 3
57 0.2801920963061965 0.9395399697520062 -1.2185316398817623 3
58 0.275976590821981 0.9408896212259686 -1.2283362577219186 3
59 0.27074466153085563 0.9422136861780511 -1.2381750082130765 3
60 0.2702369700264244 0.9435352682869864 -1.248222731028858 3
61 0.25364448534636813 0.9447757055736801 -1.257869824188322 3
62 0.23371499536735735 0.9459186785593423 -1.2669527052436693 3
63 0.22856537309265276 0.9470364675419966 -1.2760230568792097 3
64 0.22329544957988925 0.9481284841936879 -1.285071060726325 3
65 0.20842886762587626 0.9491477964751018 -1.2936902235087915 3
66 0.20741105683623604 0.9501621311972656 -1.3024405375166603 3
67 0.2000334465838575 0.9511403860384446 -1.3110499686975927 3
68 0.19965958259426012 0.9521168125140977 -1.319816947207519 3
69 0.19414195318178065 0.9530662552638951 -1.3285147930420396 3
70 0.191000169581526 0.9540003332581009 -1.3372453146810026 3
71 0.18291184026707802 0.9548948556307644 -1.3457739227836738 3
72 0.179761067760908 0.9557739692879842 -1.3543220368280822 3
73 0.17803914236103635 0.9566446619441797 -1.3629574230905799 3
74 0.16538018234003535 0.957453446508822 -1.3711356144368827 3
75 0.16027120240411868 0.9582372458300404 -1.379210868210442 3
76 0.15732761979037838 0.9590066496889426 -1.3872865861444603 3
77 0.15684326577387192 0.9597736848356638 -1.3954897481170134 3
78 0.15099929691916272 0.9605121403077285 -1.4035364051094033 3
79 0.14799615072537073 0.9612359090243878 -1.4115703958529773 3
80 0.1439522829725858 0.9619399013822741 -1.4195300907447768 3
81 0.1423014881184514 0.9626358205999661 -1.427544551369824 3
82 0.13938207676991193 0.9633174625638593 -1.4355406305701968 3
83 0.1380214570789248 0.9639924504765305 -1.4436064333259426 3
84 0.13702484752279281 0.9646625645136587 -1.4517649713698189 3
85 0.13311215583775 0.9653135437028488 -1.4598400670995868 3
86 0.13191237375108367 0.9659586554101017 -1.467993294167929 3
87 0.1297119753071073 0.9665930061647886 -1.4761626030664114 3
88 0.12792986835125225 0.9672186416031779 -1.484373054059577 3
89 0.1270215766037353 0.9678398350804133 -1.4926817328252397 3
90 0.12539500332305237 0.9684530738720022 -1.5010429511800611 3
91 0.12273103438859674 0.9690532846397711 -1.5093854395882362 3
92 0.12223752607741745 0.9696510819266806 -1.517856786735759 3
93 0.11191539994167006 0.9701983993061746 -1.5257604086141534 3
94 0.11156568459851607 0.9707440064180441 -1.5337851479435103 3
95 0.11018665972207539 0.9712828694689354 -1.5418589577717843 3
96 0.107856640656545 0.9718103376632672 -1.5499101261919648 3
97 0.09777837180303275 0.9722885185235806 -1.5573402558909735 3
98 0.09680865011187126 0.9727619570022814 -1.5648240988819972 3
99 0.09511432040341401 0.9732271094354826 -1.5723047372012227 3
100 0.09369900700710382 0.9736853403402825 -1.579802242551986 3
101 0.09164742220266003 0.9741335380591263 -1.5872629707669135 3
102 0.08843963125229724 0.9745660482163133 -1.5945861563593982 3
103 0.08690346364647439 0.9749910458128616 -1.6019044690152517 3
104 0.08314425714277823 0.9753976591740529 -1.6090235693426744 3
105 0.08176841465297353 0.9757975440375888 -1.6161405614243807 3
106 0.07950742418719997 0.9761863716259201 -1.6231744280815696 3
107 0.0780491115497552 0.9765680673999378 -1.630191890535368 3
108 0.0772869508293789 0.9769460358602129 -1.6372543867163614 3
109 0.0763123119092328 0.9773192378913815 -1.644342356568953 3
110 0.07509025295006369 0.9776864634965403 -1.6514315923239995 3
111 0.07357737188601324 0.9780462904228766 -1.6584920853190992 3
112 0.07211138472792555 0.9783989480029911 -1.6655250976745066 3
113 0.06868426467086079 0.9787348454020238 -1.6723314556114246 3
114 0.06841556379894692 0.9790694287311684 -1.6792189180772017 3
115 0.06788025910168434 0.9794013941760515 -1.6861621730024963 3
116 0.06781647348908604 0.9797330476801798 -1.6932115542274837 3
117 0.06746918122084332 0.9800630027666258 -1.7003402513993404 3
118 0.06610597710832879 0.9803862911628489 -1.7074402760308476 3
119 0.06591247925301526 0.9807086332662549 -1.7146370028435645 3
120 0.06471534526865114 0.9810251208381525 -1.7218209811510563 3
121 0.06174087464783015 0.981327061891283 -1.7287873422538804 3
122 0.061336334064145855 0.981627024556343 -1.735820505418716 3
123 0.05887492787887719 0.9819149498218682 -1.742680281922792 3
124 0.05776565253336315 0.9821974502247244 -1.749517791285038 3
125 0.05506618549671345 0.9824667490018408 -1.756137549983933 3
126 0.05453004224635252 0.9827334257937883 -1.7627938205635936 3
127 0.05359188093126996 0.9829955145487652 -1.7694365051055818 3
128 0.05219822079193066 0.9832507876696491 -1.776005611828665 3
129 0.04992326635010209 0.983494935225113 -1.7823827669216254 3
130 0.04938859630749379 0.9837364680000661 -1.788785131466093 3
131 0.046678678128446636 0.9839647480384238 -1.7949242116218842 3
132 0.045185311373423694 0.9841857248318358 -1.8009507087549306 3
133 0.0447413565671691 0.9844045304836416 -1.8070015458639297 3
134 0.043017605075360885 0.9846149062040003 -1.8128998517102548 3
135 0.04286198269047573 0.9848245208598768 -1.8188575879214686 3
136 0.04197264388922012 0.9850297862431562 -1.8247719984041113 3
137 0.0417085650606053 0.9852337601604483 -1.8307300818604633 3
138 0.041115856901585084 0.9854348354643543 -1.8366846049931007 3
139 0.04098202659450056 0.9856352562769837 -1.8427021177174687 3
140 0.04043705614264169 0.9858330119354004 -1.8487224719800246 3
141 0.038817349074318566 0.9860228464870826 -1.854581264892444 3
142 0.03876468752924611 0.9862124234997768 -1.8605120648667022 3
143 0.038099434267207376 0.9863987471204241 -1.8664210847456066 3
144 0.03716902449218298 0.9865805206126692 -1.8722643324230015 3
145 0.03677874181557742 0.9867603854445162 -1.8781246583149842 3
146 0.036488475377007085 0.9869388307410122 -1.8840179425099537 3
147 0.03624361700796058 0.9871160785683402 -1.8899519322457508 3
148 0.035697158877318294 0.987290653966027 -1.8958767957200904 3
149 0.033673027684108174 0.9874553304384456 -1.9015407739255819 3
150 0.03342326971260629 0.9876187854804036 -1.9072367516577577 3
151 0.03257545703665436 0.987778094331468 -1.9128610725875659 3
152 0.031320563737935736 0.9879312661816178 -1.9183382911731233 3
153 0.03119505173176587 0.9880838242207787 -1.9238630989965377 3
154 0.030862838210606328 0.9882347575842119 -1.9293991200175398 3
155 0.03068944569590413 0.9883848429791188 -1.93497491476247 3
156 0.030161288917870347 0.9885323454463512 -1.9405253980157282 3
157 0.02972523583471163 0.9886777154150094 -1.9460659333466919 3
158 0.028966833750925455 0.9888193764513731 -1.9515339749669207 3
159 0.028393811153757824 0.9889582351457318 -1.95696150584478 3
160 0.028373313985876208 0.9890969935995853 -1.9624537329692964 3
161 0.026995788750400197 0.9892290153263892 -1.967744592081043 3
162 0.026738615770085034 0.9893597793599557 -1.9730493662364386 3
163 0.026434233863910514 0.989489054827093 -1.9783582292694275 3
164 0.026326742990481197 0.9896178046148048 -1.9837108022811258 3
165 0.02617845030625476 0.9897458291836156 -1.9890994522559424 3
166 0.026095141151374388 0.9898734463326402 -1.9945383313333718 3
1 74.27788651602746 0.3056990620500385 -0.15845224804285987 5
2 26.09593962836591 0.4130998598094702 -0.23143578674819815 5
3 25.3936191356887 0.5176101779666906 -0.3166018639719718 5
4 9.243427907106431 0.5556525533474154 -0.3522773110687482 5
5 8.459147858275369 0.590467135281695 -0.3877112406847686 5
6 7.167671503599994 0.6199664998773813 -0.42017811844337216 5
7 6.579959496551139 0.647047069085404 -0.4522832073799961 5
8 5.363057913081717 0.6691193418794792 -0.4803286191110413 5
9 4.073781248994839 0.6858854504109333 -0.5029119468873857 5
10 3.8760930045232964 0.701837950562453 -0.5255476350906847 5
11 3.527097685094327 0.7163541209149783 -0.5472235216484983 5
12 3.1040779671288568 0.7291293056649742 -0.5672379790090929 5
13 2.534274187201103 0.7395593983660884 -0.5842913100768452 5
14 2.296058194514377 0.7490090861452888 -0.6003420001691042 5
15 2.152760893758292 0.7578690176391382 -0.6159496359714806 5
16 1.9481475528711467 0.7658868397337301 -0.6305741725042434 5
17 1.6266154129161003 0.7725813598576607 -0.6431739416747189 5
18 1.5819559478328946 0.7790920788904734 -0.6557887113242129 5
19 1.5819554476276028 0.7856027958646343 -0.6687808823957785 5
20 1.5279933842819053 0.7918914258499915 -0.6817100263269333 5
21 1.5256055277528406 0.7981702283411173 -0.6950147711342748 5
22 1.5047595298315812 0.8043632367647094 -0.7085495310924289 5
23 1.4499680126215098 0.8103307444880923 -0.7220030604852438 5
24 1.3894901143713656 0.8160493485654913 -0.7352986698393151 5
25 1.3671168615591622 0.821675872984724 -0.7487898933881788 5
26 1.2030894304865938 0.8266273239173337 -0.7610193472379873 5
27 1.196067787074752 0.8315498764805132 -0.7735286662274624 5
28 1.1225613099032579 0.8361699048042465 -0.7856063163918768 5
29 1.0757319870200481 0.840597201741112 -0.797504058989297 5
30 1.0502318900474157 0.8449195501382122 -0.8094429478491925 5
31 1.0430557569177243 0.8492123643459352 -0.8216342684620149 5
32 1.0307461714664807 0.853454517059327 -0.8340275635385697 5
33 1.022189248546457 0.8576614527864341 -0.8466774711376698 5
34 1.0184420807211951 0.8618529666195798 -0.8596584368448057 5
35 0.9381655467457675 0.8657140932770536 -0.8719695640522424 5
36 0.8904084990493449 0.8693786703910247 -0.8839858998211498 5
37 0.8431446325681771 0.872848727704691 -0.8956792898487318 5
38 0.8104043519634511 0.8761840386821114 -0.9072233660956935 5
39 0.8103734543190444 0.8795192224967737 -0.9190822384850803 5
40 0.8055256731394606 0.8828344547184502 -0.9312000819529997 5
41 0.804391825519253 0.8861450204617134 -0.9436479704181102 5
42 0.7701204759675959 0.8893145385809187 -0.9559094201341449 5
43 0.7618787952518095 0.8924501371288664 -0.9683901390129015 5
44 0.7388246679033438 0.8954908538023107 -0.980845700276667 5
45 0.7277206628562091 0.8984858706842407 -0.993473505959576 5
46 0.7253661343243649 0.9014711972370899 -1.0064367943504398 5
47 0.6725185385858283 0.9042390235189076 -1.0188114340491403 5
48 0.6715227983443485 0.9070027517188853 -1.031529901704214 5
49 0.6678628810707631 0.9097514171144376 -1.0445596088108078 5
50 0.5611168408667291 0.9120607570808681 -1.0558172776003094 5
51 0.5531958754019117 0.9143374974160124 -1.0672092420741663 5
52 0.5436634558326281 0.9165750059978303 -1.07870381589672 5
53 0.5033854623534038 0.9186467459315973 -1.0896250709301134 5
54 0.4981495810908137 0.9206969370024918 -1.1007100381902657 5
55 0.4747180574961375 0.9226506929818501 -1.1115435728442737 5
56 0.4557538720618083 0.9245263997062858 -1.1222049324996706 5
57 0.45109088219701493 0.926382915367339 -1.1330213853818563 5
58 0.4152175232196378 0.9280917901529403 -1.143221522861494 5
59 0.4107844136508759 0.9297824199735767 -1.1535541421062268 5
60 0.38030459269885947 0.9313476066359122 -1.1633443177615588 5
61 0.37638239753933994 0.9328966510594514 -1.1732558048666757 5
62 0.3734706233563561 0.9344337117462636 -1.1833194013044699 5
63 0.370964068059794 0.9359604564206112 -1.1935517720316144 5
64 0.3630782520134242 0.9374547461250891 -1.203805640313332 5
65 0.33482142122012 0.9388327416392609 -1.2134809850161143 5
66 0.32940960589643475 0.9401884642139883 -1.2232150460275 5
67 0.328566744974792 0.9415407178990463 -1.2331465222236855 5
68 0.31300952096288215 0.9428289440651266 -1.2428237864029439 5
69 0.30747599640677314 0.9440943963836194 -1.2525446590598452 5
70 0.2942369827817885 0.9453053620407725 -1.2620552480516498 5
71 0.2861710359457871 0.9464831313793713 -1.271509305938428 5
72 0.2664543461816524 0.9475797544461749 -1.280500949005186 5
73 0.2626171501842767 0.9486605850978691 -1.2895490851430307 5
74 0.25532599405126094 0.9497114081699771 -1.2985305252264174 5
75 0.2520189245629773 0.9507486206227189 -1.3075816017642838 5
76 0.24961815703950846 0.9517759524445684 -1.3167363410921675 5
77 0.24823126297122416 0.9527975763466623 -1.326035701530164 5
78 0.2446459822426699 0.9538044446194929 -1.3353998072701903 5
79 0.2331039054953896 0.9547638101670676 -1.344513982089163 5
80 0.2300811518784418 0.9557107352294744 -1.3537015292152181 5
81 0.22494344561703378 0.9566365154793552 -1.36287582685517 5
82 0.22091524318055322 0.9575457172054744 -1.37207849151642 5
83 0.20259491077163908 0.9583795195267835 -1.380692910533277 5
84 0.196421579368688 0.9591879148028989 -1.3892112154090417 5
85 0.1910655113529723 0.9599742665739353 -1.3976607013830662 5
86 0.1879735135631851 0.9607478928775608 -1.4061370245980866 5
87 0.1769125105120114 0.9614759963692612 -1.4142685848812584 5
88 0.1752145778131376 0.9621971118264628 -1.4224750184190376 5
89 0.1627595096710505 0.962866967038827 -1.4302395769115583 5
90 0.1548345508662351 0.9635042061848619 -1.4377571856294802 5
91 0.14860650883008958 0.9641158131178901 -1.4450968902178898 5
92 0.14284855329364685 0.9647037225321901 -1.4522710951911408 5
93 0.13717339239873372 0.9652682751784943 -1.4592736485388857 5
94 0.13446621783328525 0.965821686140991 -1.4662493664189933 5
95 0.13197830287573462 0.9663648578074513 -1.4732067319975686 5
96 0.1317167489271048 0.9669069530189865 -1.4802632441390549 5
97 0.13100281369180652 0.9674461099491296 -1.4873971076585044 5
98 0.1296736432819884 0.9679797965277772 -1.494575912685838 5
99 0.12590264655967368 0.9684979631419364 -1.5016613646986936 5
100 0.12260994139534018 0.9690025782547329 -1.5086744277260298 5
101 0.12030526366890437 0.9694977082050894 -1.5156675286371206 5
102 0.12030050714816776 0.9699928185794455 -1.5227747960109304 5
103 0.11574293184868593 0.9704691717360129 -1.5297243720178324 5
104 0.11339435878580462 0.9709358590739072 -1.5366425093348524 5
105 0.11173736468454416 0.9713957268647423 -1.543569083638828 5
106 0.11014194906191102 0.9718490285417267 -1.550506613541311 5
107 0.10997593289594146 0.9723016469603609 -1.5575460535731436 5
108 0.10852716428955358 0.9727483028075639 -1.5646064453742328 5
109 0.10614750630720704 0.973185164902584 -1.5716248694636388 5
110 0.09856458970881708 0.973590818644749 -1.5782450610576553 5
111 0.09823569672936973 0.9739951187905739 -1.584945125746429 5
112 0.0963826531281528 0.9743917925253983 -1.5916208202482713 5
113 0.09366418887740051 0.9747772781124354 -1.5982080487318233 5
114 0.0936071053527147 0.9751625287657556 -1.604892622864158 5
115 0.09221421951140703 0.9755420468394992 -1.6115798910566947 5
116 0.08875495724766255 0.9759073279272567 -1.6181150305499037 5
117 0.08703818567883999 0.9762655434470106 -1.6246207078571397 5
118 0.08588107387891279 0.9766189967419824 -1.6311368575850902 5
119 0.08552636072642697 0.9769709901747651 -1.6377247349268402 5
120 0.08512238745318237 0.9773213210097476 -1.6443822462497002 5
121 0.08046926600496528 0.9776525013959352 -1.6507710811784686 5
122 0.07824752151566722 0.9779745379408215 -1.6570749720125468 5
123 0.0770105931225192 0.9782914837666883 -1.6633698593510422 5
124 0.07390034633109055 0.9785956290193095 -1.6694975304378998 5
125 0.07238112073865492 0.9788935217267867 -1.675584224963442 5
126 0.0719965210842978 0.9791898315707883 -1.6817244047676518 5
127 0.07096868230490748 0.9794819112277783 -1.6878630955258562 5
128 0.07003570513461328 0.9797701511114622 -1.6940073612785909 5
129 0.06778338237670778 0.980049121305514 -1.7000379719690746 5
130 0.06759586960039124 0.9803273197694786 -1.706136467227129 5
131 0.06680460458689107 0.9806022616925828 -1.7122489039805344 5
132 0.06558023226054457 0.980872164572584 -1.71833417347073 5
133 0.06505879859904001 0.9811399214332418 -1.7244565024237977 5
134 0.06486800687138336 0.9814068930689164 -1.7306480330208813 5
135 0.06430326964003825 0.9816715404644972 -1.7368740349474678 5
136 0.06388922303819294 0.981934483804352 -1.7431496245903593 5
137 0.06368984309414774 0.9821966065734455 -1.7494972108390692 5
138 0.060762506983341125 0.9824466815589341 -1.755640768405689 5
139 0.05802166966648322 0.9826854763177456 -1.7615894512709678 5
140 0.05687932314046647 0.9829195696199335 -1.7675011904776265 5
141 0.05685027763984054 0.9831535433820711 -1.7734914320690724 5
142 0.05605171100912862 0.9833842305527151 -1.7794795425000758 5
143 0.05553776312874104 0.9836128025125964 -1.7854953124346724 5
144 0.05419358730946648 0.9838358423645186 -1.7914469228986605 5
145 0.05274264509388709 0.9840529106992748 -1.797318573797382 5
146 0.0521070099150298 0.9842673630053972 -1.8031984778712116 5
147 0.049240336497830516 0.9844700171921067 -1.8088290250467927 5
148 0.04860597643172695 0.9846700605980536 -1.8144595618744126 5
149 0.04860596704730771 0.9848701039653779 -1.820164056229626 5
150 0.0470713720552648 0.9850638315330518 -1.8257607965685267 5
151 0.04593899133974189 0.9852528986595249 -1.8312933353162655 5
152 0.04593899106344501 0.985441965784861 -1.836897264250666 5
153 0.04504037428524878 0.9856273345509797 -1.8424626833302413 5
154 0.04419953988217003 0.985809242767796 -1.8479944295606117 5
155 0.04415004501286128 0.9859909472828672 -1.8535912304266446 5
156 0.043386912058565624 0.9861695110377566 -1.8591624655992691 5
157 0.04309285562606658 0.9863468645700639 -1.8647676018429251 5
158 0.04214190161886277 0.9865203043433551 -1.8703199131517259 5
159 0.04033261095414895 0.9866862977758157 -1.875701160756725 5
160 0.03979548960417044 0.9868500806244728 -1.881076909902054 5
161 0.03885210658888268 0.9870099808733891 -1.8863902094677374 5
162 0.03873287481819873 0.9871693904104372 -1.8917527095569298 5
163 0.03818567158229676 0.9873265478705372 -1.8971050712595414 5
164 0.03708832078180165 0.9874791890590228 -1.9023675420691848 5
165 0.03659901331045443 0.9876298164471425 -1.9076238561185186 5
166 0.036195932907569575 0.9877787849121712 -1.9128856124482299 5
167 0.035907269154745326 0.9879265653488025 -1.9181691642133494 5
168 0.03566928787629579 0.9880733663465049 -1.9234821206228594 5
169 0.03439925391824383 0.9882149403754826 -1.9286682158945683 5
170 0.03375602425971747 0.9883538671198846 -1.9338182589839916 5
171 0.03318237603098942 0.988490432949973 -1.9389410127143116 5
172 0.03289363279840914 0.9886258104245558 -1.9440795375676554 5
173 0.03262305648517173 0.9887600743116491 -1.9492365600521755 5
174 0.03205925486099027 0.9888920178092461 -1.9543648252184578 5
175 0.03186823035417419 0.9890231751238308 -1.9595232644554805 5
176 0.030700723945181866 0.9891495274334414 -1.9645513467390057 5
177 0.03037377479659014 0.9892745341467682 -1.9695838354514803 5
178 0.029780859288932246 0.9893971006491109 -1.9745753611581593 5
179 0.029683342501256166 0.9895192658100594 -1.9796082933569212 5
180 0.02850781509195459 0.9896365929546977 -1.9844974436522664 5
181 0.02840086400004578 0.9897534799299936 -1.9894236049498266 5
182 0.028315072551470144 0.9898700138208576 -1.9943911471694613 5
183 0.027943872812862928 0.9899850199971183 -1.999349913534339 5
1 93.9715003287331 0.23801229170589833 -0.11805203425501931 6
2 54.422173748530724 0.37585351216307317 -0.20471346898271614 6
3 47.94334354311143 0.4972850635251411 -0.2986782109878741 6
4 39.149525065598525 0.5964435120703272 -0.39409566619815245 6
5 35.98852907012446 0.687595747047314 -0.5052830624345872 6
6 33.68991708242247 0.7729260263779427 -0.6438326401530527 6
7 25.924683128277977 0.8385884157356233 -0.7920652998397326 6
8 10.852993057307021 0.8660770238817252 -0.8731449080860108 6
9 9.633990220546863 0.890478125094786 -0.9604991301222509 6
10 9.343679356981932 0.9141439230116079 -1.066228959569806 6
11 5.103497839774631 0.9270701316207242 -1.1370945702325015 6
12 4.294776482377447 0.9379479997973452 -1.207244214761949 6
13 3.375944589219406 0.9464986380817332 -1.2716351625384013 6
14 2.9237241724016823 0.9539038863554641 -1.3363356883604773 6
15 2.3595635405045177 0.9598802209221842 -1.3966414671159684 6
16 2.237579031289631 0.965547591468012 -1.4627804116202672 6
17 1.9169743206999073 0.9704029300506145 -1.5287512810964403 6
18 1.5754859103502123 0.9743933421517412 -1.5916471014525937 6
19 1.5190843582989013 0.9782408996361752 -1.6623590646311857 6
20 0.9047925041219264 0.9805325703732714 -1.7106913865703612 6
21 0.5754063182193959 0.9819899673072605 -1.7444854988260263 6
22 0.5215867376131409 0.9833110492768834 -1.7775709676638034 6
23 0.48518389944162565 0.984539929643813 -1.8107885340118555 6
24 0.4625815504802908 0.9857115624744641 -1.8450152597421556 6
25 0.45129907325278557 0.9868546188936326 -1.8812268184588639 6
26 0.3895268338499638 0.9878412177462768 -1.9151099190576195 6
27 0.30073519004172244 0.9886029239181271 -1.9432065525567757 6
28 0.21380254153869924 0.989144445897729 -1.964348003861611 6
29 0.19712144680111982 0.989643717774132 -1.9847961228309259 6
