x y yc yclog atom
1 27.616971170426638 0.23780029981352968 -0.11793122639485022 1
2 11.661944202031671 0.3382173155151449 -0.1792846003237308 1
3 10.072655853756608 0.42494951243711543 -0.24029402399315045 1
4 7.805432260708842 0.4921594218915737 -0.2942726005389104 1
5 4.332054236775303 0.5294612603139124 -0.3274046150862511 1
6 2.9653849493002067 0.5549951766023591 -0.3516352816850756 1
7 2.561262646326744 0.5770493338609185 -0.37371028669841555 1
8 2.374041071087412 0.5974913901237269 -0.39522482540353376 1
9 2.289638183490898 0.617206681968681 -0.4170356517924097 1
10 2.252770951836723 0.6366045226823521 -0.43962048205883636 1
11 2.0891294484162373 0.6545933023395015 -0.4616692454344702 1
12 2.0505070404625387 0.6722495176421377 -0.4844566604763106 1
13 1.9708724026767446 0.6892200262963458 -0.5075469743956155 1
14 1.914088921335218 0.7057015918001939 -0.5312120869045007 1
15 1.9065831098174393 0.7221185273264005 -0.5561404081843127 1
16 1.7473764199696689 0.7371645884600284 -0.5803161231291591 1
17 1.2350217896577274 0.7477989389847284 -0.598253090672896 1
18 1.1731163332210377 0.7579002427821138 -0.6160056460765868 1
19 0.972205954775009 0.7662715759778975 -0.6312884692709608 1
20 0.8982779285443203 0.7740063402069471 -0.6459037447265619 1
21 0.887908687614258 0.7816518184463499 -0.6608504206169435 1
22 0.8834408359229308 0.789258825541862 -0.676250603960099 1
23 0.8294751571626366 0.7964011526219718 -0.6912246849736826 1
24 0.8115789321253936 0.8033893814248619 -0.7063930304303623 1
25 0.8047349632977854 0.810318679151311 -0.7219754348032771 1
26 0.7822372015048471 0.8170542563402513 -0.7376776901762114 1
27 0.7758607208629944 0.8237349278337397 -0.7538337368683644 1
28 0.7273545345941185 0.8299979291357228 -0.7695457882720168 1
29 0.720306381965601 0.836200241204341 -0.7856867420981366 1
30 0.6280626920894463 0.841608274386506 -0.800267509705249 1
31 0.6233595198733269 0.8469758101601694 -0.8152399111198871 1
32 0.5384081597434766 0.8516118588064508 -0.8286008053911842 1
33 0.48671219657875586 0.8558027711825795 -0.8410430858084558 1
34 0.48549151974366744 0.8599831727276844 -0.853819767519219 1
35 0.44432074504673236 0.8638090668032313 -0.8658518042711216 1
36 0.43225383347379964 0.8675310568274556 -0.8778859284422521 1
37 0.43136042760139387 0.871245354039061 -0.8902370909951592 1
38 0.4176540034598841 0.8748416299169688 -0.9025401012349741 1
39 0.3160312965806481 0.8775628673985726 -0.9120868498518949 1
40 0.31528869697246825 0.8802777106087563 -0.9218249869498086 1
41 0.3150249639257374 0.8829902829038133 -0.9317780706810145 1
42 0.308248198207965 0.8856445027854392 -0.9417429534659273 1
43 0.30455763705617406 0.8882669445063478 -0.9518183246933185 1
44 0.3010140157395721 0.8908588733152389 -0.9620115672245887 1
45 0.27748035626189244 0.8932481618257075 -0.971624638063324 1
46 0.27084117892629966 0.8955802826492789 -0.9812174866969205 1
47 0.261602486234916 0.8978328522476875 -0.9906887308503894 1
48 0.2537980308801454 0.9000182203484448 -1.000079137177633 1
49 0.20189335604007277 0.9017566550341463 -1.007696859196784 1
50 0.19847695693928205 0.9034656722748486 -1.0153182235413576 1
51 0.18958515501453532 0.9050981252482193 -1.022725208159523 1
52 0.18932251409921877 0.9067283167104334 -1.0302501853817416 1
53 0.18031060276370253 0.9082809096842307 -1.0375402613210876 1
54 0.17614598043875315 0.9097976425185734 -1.0447821118173117 1
55 0.17142854120344456 0.9112737550959884 -1.0519478984199324 1
56 0.1713127291130384 0.9127488704550752 -1.0592289419968337 1
57 0.16883253774103935 0.9142026297339382 -1.066526023298622 1
58 0.16752808779166806 0.9156451568401223 -1.073889977719462 1
59 0.16446112401033386 0.917061275369413 -1.0812426471750034 1
60 0.15850709849163327 0.9184261258199304 -1.0884489112974562 1
61 0.1534027800740008 0.9197470247291087 -1.0955388577420597 1
62 0.15214082748509491 0.9210570573958545 -1.1026866892791842 1
63 0.14947026356035067 0.9223440947493903 -1.1098255132742516 1
64 0.1479662510666831 0.9236181815653847 -1.1170100065188888 1
65 0.14500327434120144 0.9248667552014831 -1.1241678547691782 1
66 0.14262568286492366 0.9260948562099929 -1.1313253337043072 1
67 0.13690577024074405 0.9272737050058489 -1.1383085367868966 1
68 0.1295814136083856 0.9283894862700643 -1.1450232106573848 1
69 0.12524224561564332 0.9294679044417359 -1.1516132127686014 1
70 0.11724411910366928 0.9304774534796145 -1.1578743286264692 1
71 0.11543250140485783 0.9314714032966638 -1.1641281613715366 1
72 0.11367318242340575 0.9324502042192643 -1.170375959616542 1
73 0.10620055064739131 0.9333646608636393 -1.176295387623921 1
74 0.1029360359121203 0.9342510078873757 -1.1821109002265027 1
75 0.10231274737110388 0.935131987986513 -1.1879694115318091 1
76 0.10093449318135438 0.9360011004098824 -1.1938274932981174 1
77 0.10093449318135435 0.9368702128332518 -1.1997656748333088 1
78 0.1005040202285375 0.9377356186011516 -1.2057603222915874 1
79 0.0997013740459201 0.9385941130571016 -1.211789991330182 1
80 0.09838402239729527 0.93944126424825 -1.2178231999176576 1
81 0.09089502876396005 0.9402239302748119 -1.223472643207346 1
82 0.0901397962464687 0.9410000932522892 -1.2291486747813578 1
83 0.0887102334202108 0.9417639467528658 -1.234808065547214 1
84 0.0887102334202108 0.9425278002534425 -1.24054217994115 1
85 0.08538623914190185 0.9432630319753641 -1.2461338762481822 1
86 0.08036005267670707 0.9439549849234853 -1.251463009670955 1
87 0.07987744951984367 0.9446427823407668 -1.2568257463260135 1
88 0.07658094192093817 0.9453021946577953 -1.26203009865544 1
89 0.07436865989778549 0.9459425577704368 -1.2671445071364804 1
90 0.0688598702757273 0.9465354865784382 -1.271934381319487 1
91 0.06651996116096898 0.947108267228787 -1.2766122049483195 1
92 0.06626229850160337 0.9476788292340401 -1.2813225465739424 1
93 0.06614450039914861 0.948248376920094 -1.2860760249320498 1
94 0.06552651862223806 0.9488126033762809 -1.2908369579806092 1
95 0.06515540390181347 0.9493736342904499 -1.2956232479822851 1
96 0.06335108065366912 0.9499191287938111 -1.300328124750713 1
97 0.06288237023567167 0.9504605873919589 -1.3050491471768844 1
98 0.06000890284119175 0.9509773035444673 -1.3096028043946009 1
99 0.057842291031611065 0.9514753637431884 -1.3140377114213437 1
100 0.057465176486076984 0.9519701767374483 -1.3184890114505605 1
101 0.0560549880869354 0.9524528470813776 -1.3228754831166931 1
102 0.055888395456263305 0.9529340829531023 -1.327293474965388 1
103 0.05462778037298425 0.9534044640991982 -1.3316556890292266 1
104 0.05226921412452666 0.95385453643744 -1.335870986871755 1
105 0.05078980785482374 0.9542918701139252 -1.3400065471808706 1
106 0.0466471409984902 0.9546935327019922 -1.3438397999438465 1
107 0.04654294818509626 0.9550942981213542 -1.3476985111745698 1
108 0.04640987712435268 0.955493917711293 -1.351580633425406 1
109 0.04584916017190181 0.9558887091591963 -1.3554502331570857 1
110 0.04535381536850883 0.9562792353622968 -1.3593122512275662 1
111 0.045145971932445815 0.9566679718966059 -1.3631909838596892 1
112 0.04386817897061607 0.9570457057924452 -1.3669934125679872 1
113 0.04361945585707287 0.9574212980185624 -1.370807582232866 1
114 0.0433158853160625 0.9577942763025054 -1.3746286485246424 1
115 0.04328501824408921 0.9581669888006413 -1.3784808731626759 1
116 0.042980384083673905 0.9585370781981399 -1.3823400973768687 1
117 0.04259984376327651 0.9589038908930007 -1.3861992942638426 1
118 0.04022189350777232 0.9592502278709477 -1.3898748154730076 1
119 0.03988558711175474 0.9595936690294615 -1.393550583152791 1
120 0.03983873816808829 0.9599367067877335 -1.397253354465031 1
121 0.03900707183395731 0.9602725833514493 -1.400909674857963 1
122 0.03900662545963483 0.9606084560715884 -1.4045969969403092 1
123 0.03767500167766878 0.9609328626344638 -1.4081884104260667 1
124 0.03713485696611648 0.9612526181958387 -1.411757637839498 1
125 0.037127901699482144 0.9615723138677897 -1.41535576516528 1
126 0.03666971191877143 0.9618880642241394 -1.4189389920458906 1
127 0.03626668469890523 0.9622003442508456 -1.4225121553723885 1
128 0.03485631104260703 0.9625004800320351 -1.425974291648237 1
129 0.03438412682047822 0.9627965499962711 -1.4294167846313335 1
130 0.03403390989119197 0.9630896043622263 -1.4328512996328162 1
131 0.03243839056840764 0.96336892025661 -1.4361502798152532 1
132 0.03199114548847556 0.96364438507647 -1.4394285052454676 1
133 0.03174729924669695 0.9639177502196836 -1.4427063913985136 1
134 0.031672368004456185 0.9641904701555805 -1.4460013809516445 1
135 0.03163339667483996 0.9644628545226777 -1.4493174598519232 1
136 0.030939918082901786 0.9647292675826369 -1.4525855218602501 1
137 0.03034743154072873 0.9649905789434817 -1.4558150710126987 1
138 0.03029874696894144 0.9652514710981183 -1.4590635767808826 1
139 0.030272733813952554 0.9655121392623681 -1.4623337438366122 1
140 0.02981269161992836 0.9657688461605184 -1.4655784617246908 1
141 0.028882666529201708 0.9660175449304766 -1.4687452486385153 1
142 0.028709920044936676 0.9662647562395004 -1.4719161474189453 1
143 0.028441275903532806 0.9665096543456395 -1.4750803700771313 1
144 0.02784592627461165 0.9667494260996029 -1.478200854432315 1
145 0.02747097703359162 0.966985969293802 -1.4813014491142533 1
146 0.02747097703359159 0.9672225124880012 -1.4844243394016985 1
147 0.02705466791233655 0.9674554709866434 -1.48752200921598 1
148 0.026969580274423095 0.9676876968247169 -1.4906320849824477 1
149 0.026414441428515727 0.9679151425519237 -1.4936998859240256 1
150 0.026147169303657115 0.9681402868902118 -1.4967581392504201 1
151 0.02613193638356345 0.9683653000630312 -1.4998362805769432 1
152 0.026015960625413517 0.9685893146082353 -1.5029225870458187 1
153 0.02570318082677819 0.9688106359134954 -1.5059934798929817 1
154 0.025544106121098614 0.9690305874808335 -1.5090670330062792 1
155 0.02549269688848798 0.9692500963808403 -1.5121562411156435 1
156 0.02535945607893515 0.969468457989775 -1.5152512608955715 1
157 0.023907435588531624 0.9696743167465387 -1.5181894054699572 1
158 0.023853808469928992 0.969879713738513 -1.5211409049416753 1
159 0.023773079774436413 0.9700844156032817 -1.5241025088576696 1
160 0.023749331883447203 0.9702889129830777 -1.5270814587040755 1
161 0.023727235599156262 0.9704932200993218 -1.5300781828305061 1
162 0.023727235599156262 0.9706975272155659 -1.5330957287475828 1
163 0.02365297366783581 0.9709011948877005 -1.5361248441339965 1
164 0.023381206237925223 0.9711025224633811 -1.5391400651928857 1
165 0.022139207687959257 0.9712931556140384 -1.5420145449150473 1
166 0.021982114089631025 0.9714824360854121 -1.544887576423223 1
167 0.021027497190593297 0.9716634966769372 -1.5476537419922471 1
168 0.020822952694561157 0.9718427960057163 -1.5504104727593773 1
169 0.02080951569472891 0.9720219796330823 -1.553183018012149 1
170 0.0208095156947289 0.9722011632604485 -1.5559733770374562 1
171 0.020627100433805258 0.9723787761723486 -1.558757082823974 1
172 0.02060301433076319 0.9725561816870477 -1.5615554645075362 1
173 0.02052908349247131 0.9727329506085662 -1.5643618551771443 1
174 0.020419476638682675 0.9729087757429282 -1.5671713686812287 1
175 0.020330902920854516 0.9730838381992789 -1.5699868696936334 1
176 0.020303842470411653 0.9732586676473395 -1.5728169583682252 1
177 0.018918959296983368 0.9734215723397194 -1.5754707148403087 1
178 0.018514184896718362 0.9735809916580825 -1.5780834879976415 1
179 0.01798310648802294 0.9737358380417805 -1.5806364521891587 1
180 0.0179105625445622 0.9738900597743754 -1.5831941224210655 1
181 0.017636712826960825 0.9740419234806483 -1.5857274916860222 1
182 0.017364642841264155 0.9741914444852627 -1.588236301908441 1
183 0.017347665417686755 0.9743408193030852 -1.5907572148546816 1
184 0.01730883510149545 0.9744898597663263 -1.5932871539914146 1
185 0.016752753587423265 0.9746341120017075 -1.5957499294826731 1
186 0.01598448545194238 0.9747717489427529 -1.5981128558048256 1
187 0.01598448545194238 0.9749093858837984 -1.6004887087924589 1
188 0.01536387413760935 0.9750416789529287 -1.602784633112897 1
189 0.015270021585866649 0.9751731638898129 -1.605078622670055 1
190 0.015066204984492489 0.9753028938316033 -1.6073539313040583 1
191 0.014941535368446942 0.9754315502859394 -1.609622246933458 1
192 0.014752700462402887 0.9755585807474396 -1.611873579294483 1
193 0.01473976355586723 0.9756854998136593 -1.614134653447036 1
194 0.014659802129979005 0.97581173035937 -1.616395198707364 1
195 0.014517688607471813 0.9759367372141098 -1.6186454861468056 1
196 0.014510325574408832 0.9760616806682885 -1.62090634392901 1
197 0.014096454500443322 0.9761830604201022 -1.6231140450763155 1
198 0.014091555393797445 0.976304397987383 -1.6253322530993617 1
199 0.014063102754379008 0.9764254905587104 -1.6275573356704898 1
200 0.013806121703853225 0.9765443703540426 -1.6297529043030723 1
201 0.013806121703853225 0.9766632501493749 -1.6319596290201637 1
202 0.013714008444173907 0.9767813367889107 -1.6341627879031986 1
203 0.013656777011208312 0.9768989306281377 -1.6363679157117759 1
204 0.013392182208437811 0.9770142461319513 -1.6385412480431187 1
205 0.013386095383665093 0.9771295092241972 -1.6407245158070636 1
206 0.013215426094165613 0.9772433027415225 -1.6428907680458504 1
207 0.012803228448007792 0.9773535469657978 -1.6449998090286653 1
208 0.01276821475836881 0.9774634896991586 -1.6471133320530613 1
209 0.012539219756307106 0.9775714606348226 -1.6491990084633372 1
210 0.012334397687887907 0.9776776679176596 -1.6512604352907216 1
211 0.012171159925558684 0.9777824696159167 -1.6533042172301025 1
212 0.012037287799755794 0.9778861185870533 -1.6553350236681554 1
213 0.011994777087010732 0.9779894015129718 -1.6573681484471015 1
214 0.011949679884807274 0.9780922961222954 -1.659403137980062 1
215 0.011822421072563713 0.9781940949494814 -1.6614258832951159 1
216 0.011811892443300005 0.9782958031182392 -1.6634562796834993 1
217 0.011771104204821983 0.978397160073416 -1.6654891523966926 1
218 0.011742811507438238 0.9784982734098456 -1.6675266648067528 1
219 0.011675542261811025 0.9785988075137925 -1.6695620268493678 1
220 0.011616792311541075 0.9786988357419971 -1.6715966586735733 1
221 0.011532512860393052 0.978798138268653 -1.6736260020829994 1
222 0.011453369281610198 0.9788967593170017 -1.6756508478930696 1
223 0.01135484848292037 0.9789945320364253 -1.6776676387280185 1
224 0.011212543659341124 0.9790910794176501 -1.6796683869446112 1
225 0.011183910943289972 0.9791873802523429 -1.6816732503821765 1
226 0.01117101856083074 0.9792835700751368 -1.6836850847144693 1
227 0.011157143059875606 0.9793796404207343 -1.6857037657290646 1
228 0.011120760517732827 0.9794753974886964 -1.6877252448696196 1
229 0.011096131321606754 0.9795709424830683 -1.6897516688368364 1
230 0.01077521900881693 0.9796637242111963 -1.6917285770996922 1
231 0.010768804049280704 0.9797564507023002 -1.6937133403862148 1
232 0.010671845261798001 0.9798483423144237 -1.6956892227691724 1
233 0.010636620646233767 0.9799399306194218 -1.6976675692443057 1
234 0.010636620646233767 0.9800315189244196 -1.6996549689591494 1
235 0.010572340875332492 0.98012255373828 -1.701639411975117 1
236 0.010242582758406256 0.9802107491177002 -1.7035706456036706 1
237 0.010235093204559816 0.9802988800071321 -1.705509083843679 1
238 0.010202169166803408 0.9803867273989276 -1.7074499354496888 1
239 0.010202169166803405 0.9804745747907231 -1.7093994996257276 1
240 0.010084400771590497 0.9805614081191184 -1.7113351982838272 1
241 0.010033657257452309 0.9806478045124565 -1.7132697575682196 1
242 0.009930833700953478 0.9807333155272927 -1.7151930149291532 1
243 0.009809997817698136 0.9808177860656375 -1.7171012697415504 1
244 0.009691312469054783 0.9809012346450094 -1.7189947069326768 1
245 0.009471658202476316 0.9809827918565655 -1.7208532401271566 1
246 0.009456721386643363 0.9810642204523053 -1.72271681115085 1
247 0.009329184530838749 0.9811445508717693 -1.7245631184379324 1
248 0.009318278602075252 0.9812247873840083 -1.7264151362183815 1
249 0.009318278602075252 0.9813050238962474 -1.7282750856322553 1
250 0.009301232733221969 0.9813851136323356 -1.7301396105359432 1
251 0.009267653812373123 0.981464914231813 -1.732005400000528 1
252 0.009217487477594636 0.9815442828661276 -1.733869074758081 1
253 0.008811818784136765 0.9816201584259723 -1.7356582363569846 1
254 0.00881028406277709 0.9816960207708558 -1.7374544857123095 1
255 0.008760416616991472 0.9817714537242074 -1.7392479648927812 1
256 0.00873043445059754 0.9818466285113715 -1.7410427049017212 1
257 0.00847283207151665 0.9819195851724927 -1.7427916095226774 1
258 0.008409280469969 0.9819919946124938 -1.7445343880784003 1
259 0.008258701155701343 0.9820631074654846 -1.7462527938452903 1
260 0.008180861765856681 0.9821335500700936 -1.7479617333934938 1
261 0.008128335522970124 0.9822035403891775 -1.749666386703128 1
262 0.008091318804261685 0.9822732119699481 -1.7513699483919545 1
263 0.008057804388993537 0.9823425949695432 -1.753073120903469 1
264 0.008004659069413748 0.9824115203529558 -1.754771699453047 1
265 0.007909975751679564 0.9824796304506801 -1.756456737692036 1
266 0.00790938889927589 0.9825477354952189 -1.758148213511463 1
267 0.007824295177516495 0.9826151078268031 -1.7598279986091836 1
268 0.007756385675241115 0.9826818954128731 -1.761499641902773 1
269 0.0077248400650638495 0.9827484113704757 -1.7631709063142658 1
270 0.0077167078817884874 0.9828148573046275 -1.7648468573844462 1
271 0.007566548097795998 0.982880010264201 -1.7664965000377908 1
272 0.007540651897419428 0.9829449402404439 -1.7681467545210228 1
273 0.007526236595342708 0.9830097460914475 -1.769800130827289 1
274 0.007494190298180059 0.983074276002739 -1.771452745313988 1
275 0.007436822539555117 0.9831383119398681 -1.7730989493730618 1
276 0.007430583281880803 0.9832022941528819 -1.7747500281534077 1
277 0.007392143623708245 0.9832659453751369 -1.7763988176834067 1
278 0.007318155539467499 0.9833289595112864 -1.778037293728985 1
279 0.007277798236600166 0.9833916261444942 -1.7796728877263979 1
280 0.007256667939908464 0.9834541108319389 -1.7813098891021222 1
281 0.007252451611671729 0.9835165592140225 -1.782952127688082 1
282 0.00713963828442578 0.9835780361991023 -1.7845749095249346 1
283 0.007133206359014244 0.9836394578010709 -1.7862023076267317 1
284 0.00712197719969438 0.9837007827125863 -1.7878332505603944 1
285 0.007020606938976709 0.9837612347594331 -1.7894469966216513 1
286 0.006998547596200619 0.9838214968608188 -1.7910616624806057 1
287 0.0069588909911671975 0.9838814174927323 -1.792673153370865 1
288 0.006951190812082041 0.9839412718210354 -1.7942888530006385 1
289 0.006924137667715291 0.9840008932039588 -1.7959042626177377 1
290 0.006905620929586895 0.9840603551455787 -1.7975213591935657 1
291 0.006897581862712254 0.9841197478655411 -1.7991426064596217 1
292 0.006825514030456585 0.9841785200340317 -1.8007528943534505 1
293 0.006819303475770575 0.9842372387255583 -1.8023677017442952 1
294 0.0067884958147530795 0.9842956921428455 -1.8039811996947983 1
295 0.006758305121943244 0.9843538855983953 -1.8055934985944044 1
296 0.006535773474168319 0.9844101629099832 -1.8071584230585223 1
297 0.006516753537909153 0.9844662764474006 -1.8087244280760983 1
298 0.006500561980533989 0.9845222505648513 -1.8102921882883565 1
299 0.00648225187503681 0.9845780670202416 -1.8118611885528786 1
300 0.006472882948880732 0.984633802803011 -1.8134335977381506 1
301 0.00647179834228328 0.9846895292466036 -1.8150114557772903 1
302 0.006423591684154337 0.9847448405991391 -1.8165832500633567 1
303 0.006417883764607649 0.9848001028027303 -1.8181593493453256 1
304 0.0063930970085349145 0.9848551515760366 -1.819735068911893 1
305 0.006383963616516182 0.9849101217048258 -1.8213142629379575 1
306 0.006375613456210765 0.9849650199332386 -1.8228971433467205 1
307 0.006374419319618672 0.9850199078793492 -1.824485515917775 1
308 0.006322038740087875 0.9850743447941922 -1.8260665951385522 1
309 0.006320323689597695 0.9851287669413217 -1.8276530201547017 1
310 0.006242322072605349 0.9851825174431865 -1.8292255753414572 1
311 0.0061513950065311684 0.9852354850031625 -1.8307808147101947 1
312 0.006077426188495164 0.9852878156429274 -1.8323228416303878 1
313 0.006010534166817823 0.9853395702983562 -1.8338533002052693 1
314 0.005992405872484518 0.9853911688572381 -1.8353845307156584 1
315 0.005980517022091271 0.9854426650452929 -1.8369181250506972 1
316 0.0059668905412992536 0.9854940439003788 -1.8384536412077275 1
317 0.005903345792787746 0.9855448755933535 -1.839978166263292 1
318 0.005899662235766088 0.9855956755684776 -1.841507105487841 1
319 0.005888292377141475 0.9856463776416352 -1.843038484175585 1
320 0.005843217709650449 0.9856966915922367 -1.844563497006867 1
321 0.0057723411320206326 0.9857463952488523 -1.8460752882481635 1
322 0.005723256700892956 0.9857956762562078 -1.8475794378530874 1
323 0.005719939812460458 0.9858449287029704 -1.8490879388154047 1
324 0.0056847389593041985 0.9858938780472175 -1.8505923658344239 1
325 0.005683915441928527 0.985942820300438 -1.852101803340349 1
326 0.005672167614515949 0.9859916613971319 -1.8536133692390089 1
327 0.0056721676145159465 0.9860405024938256 -1.8551302145368807 1
328 0.0056579471189269655 0.9860892211426922 -1.856648553403964 1
329 0.005646392594592363 0.9861378402994987 -1.8581691021238294 1
330 0.005585888552610445 0.986185938476679 -1.8596786141197001 1
331 0.0055481853847549134 0.986233712004767 -1.861183149105094 1
332 0.005540684074063593 0.9862814209416324 -1.8626908696109206 1
333 0.005513957825391443 0.986328899747905 -1.8641965319438842 1
334 0.005513013402685757 0.9863763704220765 -1.8657071732112516 1
335 0.005496666481076505 0.9864237003384931 -1.8672185846633775 1
336 0.005460472063648551 0.9864707185971517 -1.868725269999981 1
337 0.005431078129364726 0.9865174837546885 -1.87022904775073 1
338 0.005386419521642467 0.9865638643722175 -1.871725620928898 1
339 0.005383979439286904 0.9866102239790315 -1.8732266876385528 1
340 0.005352993070128613 0.9866563167728112 -1.87472427653224 1
341 0.005314450596775481 0.9867020776905258 -1.876216208658293 1
342 0.005142163513566996 0.9867463551030512 -1.8776646695802626 1
343 0.005142163513566996 0.9867906325155766 -1.8791179775861804 1
344 0.005117840884833052 0.9868347004942591 -1.8805692564051613 1
345 0.005114477606827932 0.9868787395129041 -1.8820244426817379 1
346 0.005091683919089755 0.9869225822628944 -1.8834780032013851 1
347 0.005085836602692004 0.9869663746636418 -1.8849347673584387 1
348 0.005033620932887003 0.9870097174531027 -1.8863814026433803 1
349 0.004998585361573384 0.9870527585632335 -1.8878227533131031 1
350 0.004958810465941706 0.9870954571853323 -1.889257377139809 1
351 0.004940427105205833 0.9871379975145949 -1.8906914108318051 1
352 0.004935852557150039 0.9871804984539877 -1.8921288609345839 1
353 0.004910023420069025 0.9872227769875089 -1.8935635250039566 1
354 0.0049093121315419135 0.9872650493963677 -1.8950027352399446 1
355 0.004903582814389777 0.9873072724720346 -1.896445042754623 1
356 0.0048991652966311776 0.987349457509966 -1.8978908503477236 1
357 0.004899165296631175 0.9873916425478976 -1.8993414872533891 1
358 0.004862314718817275 0.9874335102780982 -1.9007860196339768 1
359 0.00482464433486841 0.9874750536414976 -1.9022241254412582 1
360 0.0048176937631157525 0.9875165371558993 -1.9036649270350559 1
361 0.004785814837191249 0.9875577461717654 -1.9051009430771624 1
362 0.004780814489713986 0.9875989121313484 -1.9065402152709057 1
363 0.004778349524068848 0.9876400568659547 -1.907983527356195 1
364 0.004707764356454862 0.9876805938158073 -1.9094102253813063 1
365 0.004704513785658819 0.9877211027761058 -1.910840635726071 1
366 0.004688271139592271 0.9877614718765303 -1.9122708098287122 1
367 0.0046871318790828505 0.987801831167172 -1.9137053599389566 1
368 0.004623487820629095 0.9878416424405788 -1.915125088801538 1
369 0.0045529648079814964 0.987880846464427 -1.916527712485535 1
370 0.004523303637667405 0.9879197950860751 -1.9179256988082587 1
371 0.004465015129047939 0.9879582418052973 -1.9193100979194955 1
372 0.004420382146763121 0.9879963042051638 -1.9206850192700162 1
373 0.004397789849154223 0.9880341720704773 -1.9220572466716497 1
374 0.004383802053493809 0.988071919491663 -1.9234294382833876 1
375 0.004380503309208396 0.9881096385084891 -1.9248049417327004 1
376 0.004353917117994311 0.9881471286007093 -1.9261764275605382 1
377 0.004305967489707673 0.9881842058150686 -1.9275370824495819 1
378 0.004303487284256483 0.9882212616732263 -1.9289012262777065 1
379 0.004282394456102899 0.9882581359082502 -1.9302629507463547 1
380 0.004280018878071097 0.9882949896879832 -1.9316281993573607 1
381 0.004280018878071097 0.9883318434677165 -1.9329977533032225 1
382 0.004263195166411057 0.9883685523842185 -1.934366230893078 1
383 0.004262064672356616 0.9884052515664228 -1.9357386696300867 1
384 0.004196624050296482 0.9884413872617966 -1.9370942867023886 1
385 0.004174043757739761 0.9884773285259889 -1.938446820225556 1
386 0.004161139038566185 0.988513158672055 -1.9397993779640654 1
387 0.0041516807340270315 0.9885489073758933 -1.9411530724523858 1
388 0.004142416141600302 0.9885845763054925 -1.9425079646142387 1
389 0.004133604568818938 0.9886201693616503 -1.9438642013308864 1
390 0.004127156627667808 0.9886557068967906 -1.9452225611223968 1
391 0.00412687485015001 0.988691242005641 -1.9465850896647638 1
392 0.004077477935899434 0.9887263517745456 -1.9479355207068474 1
393 0.004064012904581834 0.9887613456006676 -1.9492856836003778 1
394 0.004054009760531469 0.988796253293135 -1.9506367182217572 1
395 0.004053305160212293 0.98883115491853 -1.9519917329431646 1
396 0.004034993138261393 0.9888658988653627 -1.9533448381740928 1
397 0.004028253061713973 0.9889005847756999 -1.9546999015331252 1
398 0.004028253061713973 0.988935270686037 -1.9560592061280615 1
399 0.00401427513909565 0.9889698362372598 -1.9574180396245 1
400 0.003958386010412189 0.9890039205462975 -1.9587621307620084 1
401 0.00395817938397249 0.9890380030761453 -1.9601103241351123 1
402 0.003958179383972488 0.9890720856059932 -1.9614627157815128 1
403 0.003944207764715937 0.9891060478310028 -1.9628145358727052 1
404 0.0038971557091999494 0.989139604906844 -1.9641543751471415 1
405 0.0038752264808505116 0.9891729731575947 -1.9654907865149964 1
406 0.0038748619192895475 0.9892063382692304 -1.9668311966804937 1
407 0.003856523406181395 0.9892395454741976 -1.9681693835136134 1
408 0.0038383463390061234 0.989272596162652 -1.9695053698828033 1
409 0.003804532236806456 0.989305355689429 -1.970833654900313 1
410 0.0038010387538045575 0.9893380851350181 -1.9721647896234904 1
411 0.003793313223488391 0.9893707480587062 -1.9734972989009725 1
412 0.0037835288469491445 0.9894033267324719 -1.9748304562748353 1
413 0.0037792157019483313 0.9894358682672201 -1.9761661918590268 1
414 0.0037764872453568497 0.9894683863081611 -1.9775050795488462 1
415 0.0037764872453568497 0.9895009043491022 -1.9788481076671496 1
416 0.0037754998833809004 0.9895334138882067 -1.9801949491309974 1
417 0.0037513914662102928 0.9895657158379707 -1.9815373400958338 1
418 0.003725748418469745 0.989597796984215 -1.982874674520543 1
419 0.0037246942058646146 0.9896298690529949 -1.9842157595991279 1
420 0.003719150759933628 0.9896618933890564 -1.9855589935161926 1
421 0.0037011684172746436 0.9896937628853113 -1.9868998699851446 1
422 0.0036987902565032817 0.9897256119040367 -1.9882440336329041 1
423 0.003682723054712452 0.9897573225735788 -1.9895865043435035 1
424 0.0036812605804015415 0.9897890206502546 -1.9909326021057652 1
425 0.003648723873918859 0.9898204385644711 -1.99227093223822 1
426 0.0036247086312478174 0.989851649691641 -1.993604549889263 1
427 0.003585890184694981 0.989882526566435 -1.9949279273042033 1
428 0.003585620224018225 0.9899134011166899 -1.9962552495424057 1
429 0.003577888169805943 0.9899442090888687 -1.997583765461912 1
430 0.0035759486176440976 0.9899750003602266 -1.9989156343132077 1
1 27.61697117042663 0.20772716306521583 -0.10112523359955075 2
2 18.285471401568024 0.3452653846217249 -0.1839346976141764 2
3 15.793529565989175 0.46405991394515395 -0.2708837583485525 2
4 12.251357511260952 0.5562112119208416 -0.3528236740212286 2
5 7.805432260708841 0.6149214987951322 -0.4144507272062068 2
6 4.332054236775303 0.6475060038553258 -0.452848275731997 2
7 4.18374591549615 0.678974975041505 -0.49346111158962264 2
8 4.063985461256225 0.7095431414561132 -0.5369183640918787 2
9 3.9985480945492724 0.7396191062291798 -0.5843908865951312 2
10 3.722403345400511 0.767617987132982 -0.6337974908037279 2
11 3.215114666777397 0.7918011839266338 -0.6815217444425141 2
12 3.001216403096477 0.814375497572861 -0.731364697478443 2
13 2.9894475848380284 0.8368612894469367 -0.7874429746750646 2
14 2.254665759890438 0.8538202571437222 -0.8351128064156376 2
15 1.839400428454166 0.8676557147102235 -0.8782948070690877 2
16 1.428058556630228 0.8783971733165702 -0.9150563296788473 2
17 1.140463400502682 0.8869754212824376 -0.9468271030592416 2
18 0.7687127141519075 0.8927574641551885 -0.9696329252897937 2
19 0.7539706428689692 0.8984286212748854 -0.9932286524151389 2
20 0.6639526382496675 0.9034226880428213 -1.0151248865149898 2
21 0.543090444052388 0.9075076630581711 -1.0338942473878756 2
22 0.49436031864423907 0.9112261036463971 -1.0517147181873678 2
23 0.4775344373153159 0.9148179846429518 -1.0696520889853158 2
24 0.41018244451849584 0.9179032627139312 -1.0856741024032508 2
25 0.39794536442943046 0.9208964968777268 -1.1018042832155388 2
26 0.3262135925220375 0.923350184637682 -1.11548888695733 2
27 0.31201195527672443 0.9256970516388494 -1.128993952974639 2
28 0.31201195527672443 0.9280439186400169 -1.1429324958278095 2
29 0.3112040888817858 0.9303847090952327 -1.1572953577142393 2
30 0.2774010871017149 0.9324712427885636 -1.1705112428932034 2
31 0.26879323321080645 0.9344930306030723 -1.183712492227903 2
32 0.26472280153596517 0.9364842017645439 -1.1971182395405402 2
33 0.25786859615027036 0.9384238175026836 -1.2105872393000117 2
34 0.19546733146645068 0.9398940683128423 -1.2210826665682626 2
35 0.17131272911303827 0.9411826349335628 -1.2304944351628233 2
36 0.1688290671267937 0.9424525201407701 -1.2399736904042107 2
37 0.16747664154215688 0.943712232779515 -1.2495859782549648 2
38 0.1672446285534532 0.9449702002811976 -1.25940206780264 2
39 0.16139966957944665 0.9461842036298815 -1.2690902286190928 2
40 0.15758636431405434 0.9473695243587446 -1.278762705083631 2
41 0.14947026356035056 0.9484937980388811 -1.2881404735739355 2
42 0.14796625106668296 0.9496067589560577 -1.2976277090735848 2
43 0.13886777035409767 0.9506512836361479 -1.3067241395160498 2
44 0.1340029114210062 0.9516592162026912 -1.3156863122219864 2
45 0.12616974188500718 0.9526082298503034 -1.324297069484014 2
46 0.11518066346140787 0.9534745867115666 -1.332309760312427 2
47 0.09409160751694581 0.9541823175694192 -1.338966882258484 2
48 0.09338826623205305 0.9548847580900778 -1.3456767095838604 2
49 0.09196488451370977 0.9555764923300045 -1.3523871526407722 2
50 0.09181223456135255 0.9562670783795177 -1.3591915082195256 2
51 0.09026183109678924 0.9569460027261125 -1.3659865210186466 2
52 0.09013979624646865 0.9576240091605619 -1.372880133955362 2
53 0.08515267084602755 0.9582645038271609 -1.3794944190180114 2
54 0.08449912792551528 0.9589000827259884 -1.3861590522717755 2
55 0.08066132458176165 0.959506794737275 -1.3926178450438933 2
56 0.0794319211521943 0.9601042595184756 -1.3990734698300098 2
57 0.07834045717834535 0.9606935146117465 -1.4055357871319942 2
58 0.07796095964937588 0.9612799152303323 -1.4120637005640928 2
59 0.07729748252588481 0.9618613253588398 -1.4186344032153368 2
60 0.07354807514092065 0.9624145334895812 -1.424980054925847 2
61 0.07240128656797838 0.9629591157961718 -1.4313186548124535 2
62 0.07152824351066316 0.9634971313161148 -1.4376730039099397 2
63 0.067664229129647 0.964006082796397 -1.443770886680393 2
64 0.06471602984298094 0.964492858743012 -1.4496842921110322 2
65 0.06451050132114258 0.964978088761346 -1.455660157003234 2
66 0.06178038311837335 0.9654427835911689 -1.4614612472976498 2
67 0.0591166420462063 0.9658874425027641 -1.4670857193114581 2
68 0.0585351063645337 0.9663277272649775 -1.4727275695944486 2
69 0.05851847431438861 0.9667678869255434 -1.4784420430908427 2
70 0.05790381617529874 0.9672034232988306 -1.4841714854767678 2
71 0.057885129613448154 0.9676388191170057 -1.4899756390495382 2
72 0.05589653710709969 0.968059257296369 -1.4956549896271374 2
73 0.05588839545626326 0.9684796342365032 -1.5014087515839194 2
74 0.05462778037298423 0.9688905291811878 -1.5071073763044893 2
75 0.054320458995181314 0.9692991125400883 -1.5128490703413173 2
76 0.054245206399218225 0.9697071298699271 -1.518659577026949 2
77 0.05416710943736125 0.9701145597761769 -1.5245403424614172 2
78 0.054007808558046023 0.9705207914655933 -1.5304841807096627 2
79 0.051091602507616636 0.9709050882655527 -1.5361829559925024 2
80 0.050543583697909 0.9712852630207032 -1.5418951574069542 2
81 0.05001269109582604 0.9716614445496075 -1.547622291559018 2
82 0.04977852083629123 0.972035864715059 -1.5533986055073679 2
83 0.048416420650537334 0.9724000395423941 -1.5590915401469507 2
84 0.04691767339970961 0.972752941210459 -1.5646803712006394 2
85 0.04685267621844149 0.9731053539878345 -1.570334167536622 2
86 0.046429054494157934 0.9734545804006207 -1.5760104054422521 2
87 0.045353815368508806 0.9737957191642652 -1.5816277548073252 2
88 0.04501602930251857 0.9741343171952282 -1.5872760525562506 2
89 0.044128845084552476 0.9744662420736733 -1.5928852632778838 2
90 0.04009928126185246 0.9747678576956788 -1.598045874672782 2
91 0.03930403952319364 0.9750634917308804 -1.6031643586208395 2
92 0.03628876401174575 0.9753364457037395 -1.6079443364985284 2
93 0.033947689760906834 0.9755917907683062 -1.612464082496893 2
94 0.032611157209408125 0.975837082807378 -1.6168506344475309 2
95 0.03243839056840763 0.9760810753439092 -1.621258349199671 2
96 0.032082288095471354 0.9763223893768488 -1.625662125662681 2
97 0.03195893406521995 0.9765627755751392 -1.630093821337417 2
98 0.03183562915435447 0.9768022343082429 -1.634553842456906 2
99 0.0313433356322202 0.9770379901466258 -1.6389901010289485 2
100 0.030002264632655474 0.9772636588225719 -1.643279422423175 2
101 0.029287998635713543 0.9774839549886833 -1.647507891822685 2
102 0.029262408770829463 0.9777040586749604 -1.651774187201329 2
103 0.02840705619828959 0.9779177286374877 -1.6559562575066262 2
104 0.02840705619828959 0.9781313986000152 -1.6601789912509661 2
105 0.028189260145413474 0.9783434303613109 -1.6644103337204768 2
106 0.02754063142021153 0.9785505833180432 -1.6685845139805169 2
107 0.02747624898073677 0.9787572520080026 -1.6727893030065257 2
108 0.027393372055902823 0.978963297320823 -1.6770223310800887 2
109 0.026267660976029797 0.9791608753485234 -1.681120527551862 2
110 0.025689530060023915 0.9793541048365405 -1.6851662822674711 2
111 0.025682230687413207 0.9795472794207105 -1.6892489148455396 2
112 0.02540427223233086 0.9797383632788205 -1.693325475547003 2
113 0.024784479479150173 0.9799247852285153 -1.6973397997941522 2
114 0.024535746008272446 0.980109336274339 -1.701350724789959 2
115 0.024535746008272446 0.9802938873201628 -1.7053990382370645 2
116 0.02434763117519467 0.9804770234186209 -1.7094539666736408 2
117 0.02397470668737791 0.9806573544829782 -1.7134841272090533 2
118 0.02218856400412862 0.9808242506796909 -1.7172476563585337 2
119 0.02218225938913628 0.9809910994548462 -1.7210430015449312 2
120 0.022182259389136268 0.9811579482300014 -1.7248718072824751 2
121 0.022175586902397522 0.9813247468165702 -1.7287335016720757 2
122 0.022095006518038827 0.9814909392999377 -1.7326156203141152 2
123 0.021982114089631015 0.9816562826379105 -1.7365126497865422 2
124 0.021942181078763418 0.9818213256109009 -1.7404377892377836 2
125 0.02102749719059328 0.9819794885865147 -1.744232888112617 2
126 0.020831627346419076 0.9821361782837305 -1.7480256242417416 2
127 0.020707436553730384 0.9822919338524028 -1.7518288644047995 2
128 0.020410735705697004 0.982445457719957 -1.7556104899151277 2
129 0.020376499935922866 0.9825987240755892 -1.7594189065096342 2
130 0.02011242176646156 0.9827500041088025 -1.7632110040359523 2
131 0.01997166328336832 0.9829002253959215 -1.767009614102003 2
132 0.019876352095174906 0.9830497297788364 -1.7708233738842154 2
133 0.019566694325644875 0.9831969050022796 -1.7746107172840289 2
134 0.01915926375694763 0.9833410156464951 -1.7783514797067854 2
135 0.019083901696592062 0.9834845594382883 -1.7821098366883807 2
136 0.018412268166731423 0.9836230513897869 -1.7857670137597395 2
137 0.018017229321803836 0.9837585719691515 -1.7893757879857486 2
138 0.017881377412230625 0.9838930707083007 -1.792987247835521 2
139 0.0177160066829762 0.9840263255748967 -1.7965951715889121 2
140 0.01760275723606723 0.9841587286107042 -1.8002099657264876 2
141 0.017599592984065913 0.9842911078458898 -1.8038544418423865 2
142 0.017450528637321612 0.9844223658605884 -1.8074985003360517 2
143 0.017364642841264145 0.9845529778662568 -1.8111552311603838 2
144 0.017323687468790427 0.9846832818170236 -1.8148342782873195 2
145 0.016957801748892262 0.984810833677341 -1.8184660623060627 2
146 0.01654587322309948 0.9849352871260505 -1.822039141351903 2
147 0.016319668500957767 0.9850580391258607 -1.8255924051352588 2
148 0.0158325755397771 0.9851771273481207 -1.8290676225400588 2
149 0.015568699280780817 0.9852942307666764 -1.832512253370434 2
150 0.015561843484478873 0.9854112826178424 -1.8359828889384473 2
151 0.01544450545674521 0.9855274518850541 -1.8394549979179546 2
152 0.01477707050379196 0.9856386008924969 -1.8428032484593584 2
153 0.014619701230398885 0.9857485662121083 -1.8461414405786016 2
154 0.014517688607471801 0.9858577642211905 -1.8494819264908227 2
155 0.01423636278058966 0.9859648461757803 -1.8527828231689283 2
156 0.013721565467806819 0.9860680559684056 -1.8559882788892643 2
157 0.013674914056182548 0.98617091486211 -1.859206549659893 2
158 0.013450125131966972 0.9862720829561522 -1.86239535387678 2
159 0.013446998821912838 0.9863732275349615 -1.8656069957140393 2
160 0.01330975722498221 0.9864733398207138 -1.8688094203097352 2
161 0.012763253119103712 0.9865693414548379 -1.8719026920581572 2
162 0.012666060431821679 0.986664612032646 -1.8749943448312476 2
163 0.012627330111294428 0.9867595912917733 -1.8780986087794005 2
164 0.012539219756307092 0.9868539078093579 -1.8812033264336547 2
165 0.012296232979156866 0.9869463966481007 -1.8842695879552365 2
166 0.012280549033535062 0.9870387675165742 -1.8873536994452784 2
167 0.012185258595535252 0.9871304216369209 -1.890435681346406 2
168 0.012058608379927935 0.9872211231296306 -1.8935073144432921 2
169 0.01188541553960659 0.9873105219140468 -1.8965562399267133 2
170 0.011856473291873788 0.9873997030029388 -1.8996192181630165 2
171 0.011851592182024875 0.9874888473774825 -1.9027026779532763 2
172 0.011771104204821973 0.9875773863438856 -1.9057870211473302 2
173 0.011617143702390873 0.9876647672622827 -1.908852651950264 2
174 0.01161055539583654 0.9877520986252734 -1.9119383194182578 2
175 0.011581341453771512 0.9878392102491308 -1.9150382200215719 2
176 0.01135484848292036 0.9879246182559626 -1.9180991308283468 2
177 0.011193483968234639 0.9880088125238708 -1.9211378069933878 2
178 0.011110972935103151 0.9880923861667753 -1.92417525807125 2
179 0.010939931244946039 0.9881746732817388 -1.927186851437693 2
180 0.01060695729348732 0.9882544558594056 -1.9301268586834426 2
181 0.0105550503598514 0.988333848007579 -1.9330723696649825 2
182 0.01044820827325 0.9884124365193432 -1.9360078736264372 2
183 0.010415262685365901 0.9884907772235739 -1.9389540035036885 2
184 0.010240674542714396 0.9885678047244356 -1.9418703658847074 2
185 0.010111750269615378 0.9886438624928336 -1.9447693574070106 2
186 0.010028270307867201 0.9887192923482166 -1.9476636557050828 2
187 0.009941396836671241 0.9887940687655523 -1.9505520469221311 2
188 0.009920999233196896 0.9888686917577975 -1.9534537908332423 2
189 0.009596770884583765 0.9889408759947342 -1.9562792721946296 2
190 0.009499545323866277 0.9890123289280902 -1.9590943501426945 2
191 0.009446255025823814 0.9890833810266711 -1.9619118477657858 2
192 0.00913846919563755 0.9891521180459864 -1.9646550494172241 2
193 0.00913846919563755 0.9892208550653014 -1.967415688580684 2
194 0.009116609370788365 0.9892894276611044 -1.9701873212332426 2
195 0.009024327710853344 0.9893573061399707 -1.9729484302676532 2
196 0.008927120963657557 0.9894244534567664 -1.9756971790756659 2
197 0.008826816856395922 0.9894908463140122 -1.9784322567885646 2
198 0.008826816856395912 0.9895572391712578 -1.9811846685580496 2
199 0.008775117394975879 0.9896232431595581 -1.9839383600118163 2
200 0.008774781507236894 0.9896892446214044 -1.9867095166041067 2
201 0.008771820738239294 0.9897552238131713 -1.989497525001879 2
202 0.008765041632821395 0.9898211520143957 -1.9923013714890552 2
203 0.008705024828424621 0.9898866287859381 -1.9951040515688294 2
204 0.00858658447568021 0.9899512146821446 -1.9978864319385077 2
1 27.616971170426652 0.2100047126615178 -0.10237549945512427 3
2 18.278082276075345 0.348994734148783 -0.18641549849651345 3
3 15.787147429626785 0.46904321228363466 -0.27494082283564775 3
4 12.246406760136283 0.562167223491369 -0.35869172992201054 3
5 7.805432260708847 0.6215212181417454 -0.421958462742966 3
6 4.332054236775306 0.6544629842613519 -0.46150542189340255 3
7 4.182055271436711 0.6862641296582489 -0.5034358243022655 3
8 4.062343212176932 0.7171549617390395 -0.5484514353601493 3
9 3.9969322885899783 0.747548396689347 -0.5978218667717896 3
10 3.240451219890264 0.7721894054055901 -0.6424260824215492 3
11 3.000003617046495 0.7950020047197397 -0.6882503859831617 3
12 2.9882395545459426 0.8177251478603677 -0.7392732453897943 3
13 2.798842918760844 0.8390080828828912 -0.7931959279405586 3
14 2.2537546535876243 0.8561460628414992 -0.8420782473446526 3
15 1.8386571301109813 0.8701275621126969 -0.8864830070758207 3
16 1.4274814807838303 0.8809824033750384 -0.924388823883489 3
17 0.9797405472893455 0.8884325372382573 -0.952462443421356 3
18 0.7536659647135304 0.8941635568850431 -0.9753647640728603 3
19 0.6847347624337152 0.8993704105311892 -0.997274299066046 3
20 0.6304753624304796 0.9041646653576981 -1.0184743363197557 3
21 0.5914191916556274 0.9086619296174062 -1.0393481675816973 3
22 0.5445542561358111 0.9128028239748175 -1.0594975799360085 3
23 0.542870982198939 0.9169309183963753 -1.0805605909875478 3
24 0.4941605485451895 0.9206886093960683 -1.1006644353660795 3
25 0.4773414665240847 0.9243184048903027 -1.1210097230645202 3
26 0.4100166905441585 0.9274362499556716 -1.13928028133006 3
27 0.40936735224803755 0.9305491573288711 -1.1583224804490277 3
28 0.39778455543673774 0.9335739869073998 -1.177661813249326 3
29 0.32608177020695317 0.9360535748402649 -1.1941837291649373 3
30 0.3118858718172322 0.9384252144559916 -1.210597092070523 3
31 0.3118858718172322 0.9407968540717182 -1.2276552151859896 3
32 0.2772889898306418 0.9429054124025443 -1.2434050596695507 3
33 0.2646158275368615 0.9449176015917439 -1.2589871578705687 3
34 0.2577643919230055 0.9468776911586304 -1.2747230575994577 3
35 0.20978783413475788 0.9484729578356124 -1.2879647868723934 3
36 0.1967527362627401 0.9499691031438448 -1.300761711863979 3
37 0.1810125173617209 0.9513455568274186 -1.3128774933766574 3
38 0.17326831713173466 0.9526631221363746 -1.3248003896539533 3
39 0.16993929711259106 0.9539553729425835 -1.336821040286995 3
40 0.16938843942960535 0.9552434349219757 -1.3491432515651025 3
41 0.16915377794056408 0.9565297124906781 -1.3618074874075277 3
42 0.16527229846070168 0.9577864745495933 -1.374548376352532 3
43 0.1613344482686689 0.9590132924450818 -1.3873569669765142 3
44 0.15752268395294805 0.9602111249581792 -1.4002383395677644 3
45 0.15634415334358379 0.9613999956998913 -1.4134126469470698 3
46 0.15117651304971066 0.9625495707198403 -1.4265431997819766 3
47 0.14965533178622767 0.9636875783875197 -1.4399447877748268 3
48 0.14953207955968248 0.9648246488217763 -1.453761558029581 3
49 0.1427490095745765 0.9659101394989917 -1.4673747759423115 3
50 0.14045298908999412 0.9669781707988137 -1.481198873230148 3
51 0.13379186065866328 0.9679955496084117 -1.49478962648881 3
52 0.1291538658055692 0.9689776602211304 -1.5083254497612717 3
53 0.12363938385425388 0.9699178376620137 -1.5216909494067512 3
54 0.11805164175764406 0.9708155248469531 -1.534848112536626 3
55 0.11555872203656192 0.9716942553951752 -1.5481254161719602 3
56 0.10348067916434968 0.972481142203284 -1.5603695959771486 3
57 0.10231142285662505 0.9732591377635649 -1.5728245933908385 3
58 0.10196357826755464 0.9740344882472902 -1.5856031135007458 3
59 0.09446776305883223 0.9747528391234423 -1.5977874525936413 3
60 0.09116877002127208 0.9754461038277383 -1.6098795849317276 3
61 0.08836843449854752 0.9761180742469671 -1.6219306561777223 3
62 0.08546371171924137 0.9767679566005326 -1.63391258967957 3
63 0.08491690106653932 0.977413680901671 -1.6461545404625029 3
64 0.0772662467548123 0.9780012281691843 -1.657601564722728 3
65 0.07237202934072218 0.9785515588746277 -1.6686042668942132 3
66 0.06932287151894047 0.979078703202815 -1.6794113994220365 3
67 0.06329479573468477 0.9795600088937688 -1.6895192975057967 3
68 0.061105978741642114 0.980024670403112 -1.6995060460100284 3
69 0.059791476878910635 0.980479336189743 -1.7095054180100102 3
70 0.057266719950429076 0.9809148032434631 -1.7193033583851594 3
71 0.05652637885133436 0.9813446406023544 -1.7291963798093863 3
72 0.0546243244694963 0.9817600143771885 -1.7389755083286607 3
73 0.05123864416617339 0.9821496427936749 -1.7483530887291723 3
74 0.04975840542722021 0.9825280151926521 -1.7576577566131681 3
75 0.04587154325946022 0.9828768311508576 -1.7664158607835028 3
76 0.04521056838191769 0.9832206209301102 -1.7752241145150673 3
77 0.044997838407551005 0.983562793070091 -1.7841719774274893 3
78 0.039182492597662 0.9838607442121099 -1.7921164953056727 3
79 0.03414372123248707 0.9841203795762622 -1.799159882881613 3
80 0.03315441681340637 0.9843724920810477 -1.8061102723543603 3
81 0.03182276443493905 0.98461447844733 -1.8128877770501013 3
82 0.031704884001595136 0.9848555684283287 -1.819747022754984 3
83 0.03107769722896724 0.9850918891615645 -1.8265773870248547 3
84 0.029490619024015688 0.985316141449628 -1.833159807707194 3
85 0.029266046770703207 0.9855386860474731 -1.8397922453259343 3
86 0.028375288774274435 0.9857544571517319 -1.8463209966515768 3
87 0.027384146236585995 0.9859626914192191 -1.8527161529301226 3
88 0.0268424324016314 0.9861668063914534 -1.8590775446589178 3
89 0.02682720953981127 0.9863708056061447 -1.8655298140584462 3
90 0.0262570462623542 0.9865704691905993 -1.8719391601122026 3
91 0.02567288031958163 0.9867656906658812 -1.8782987185264242 3
92 0.02562038256040154 0.9869605129381959 -1.8847394922397946 3
93 0.025277673449156303 0.9871527291851073 -1.8911891210423024 3
94 0.0245083078449678 0.987339095029321 -1.8975352508964183 3
95 0.024388372308919336 0.9875245488608586 -1.903943740398195 3
96 0.023171200661726614 0.9877007470871941 -1.9101212678857922 3
97 0.022970471864888826 0.9878754189334988 -1.9163332583875574 3
98 0.022508255190249713 0.9880465759961097 -1.9225076752179915 3
99 0.0221741832883042 0.9882151927123032 -1.9286775149278772 3
100 0.022086077966385006 0.9883831394588355 -1.934911224257916 3
101 0.021949535078027403 0.9885500479072191 -1.941196330431904 3
102 0.0216448670205191 0.9887146396016229 -1.9474845671553616 3
103 0.02106472787429692 0.9888748198073825 -1.9536929460975279 3
104 0.019956413939592892 0.9890265721827345 -1.9596576887802457 3
105 0.01986832009770858 0.9891776546757218 -1.965678612518041 3
106 0.0198400587316406 0.9893285222638948 -1.971775437351601 3
107 0.019510697847135508 0.9894768853291249 -1.9778556970484447 3
108 0.019440832889632505 0.9896247171279015 -1.9840000538335298 3
109 0.019205281339087433 0.9897707577477911 -1.990156536167882 3
110 0.019076189926879962 0.9899158167319768 -1.9963592701387962 3
1 27.616971170426638 0.5194328796029546 -0.3182459462216872 4
2 10.604691656334422 0.718890868328737 -0.5511250463526254 4
3 2.394920279808159 0.763935646399563 -0.6269695876921819 4
4 1.1928107782175896 0.7863705880710262 -0.670338955018441 4
5 1.0704712112209138 0.8065045100838778 -0.713329153267127 4
6 0.9481316442242379 0.8243374124381179 -0.755320724250574 4
7 0.8257920772275621 0.8398692951337462 -0.7955253846614664 4
8 0.7034525102308862 0.8531001581707629 -0.8329786718253086 4
9 0.5811129432342104 0.8640300015491682 -0.8665569073990171 4
10 0.47952257429734363 0.8730490858674592 -0.8963641675646674 4
11 0.45877337623753567 0.8816779095872529 -0.9269341662026673 4
12 0.41417329574970096 0.889467874183236 -0.9565114772984294 4
13 0.27058611153290346 0.894557184021985 -0.9769830042354357 4
14 0.21930044628574577 0.898681889139337 -0.9943129164973443 4
15 0.21325121287308973 0.9026928174521459 -1.0118551019128192 4
16 0.19429554950659286 0.9063472188038163 -1.0284793209025114 4
17 0.18378718046426448 0.9098039738474283 -1.0448125961390724 4
18 0.175339886140096 0.9131018482379601 -1.0609894604682883 4
19 0.17444706353088943 0.916382930004275 -1.077705054520389 4
20 0.16278293126834856 0.919444627328617 -1.0939054888422541 4
21 0.15638422277359915 0.9223859747580102 -1.1100597924682856 4
22 0.1417786820724326 0.9250526143630824 -1.125243511891927 4
23 0.13742855940710227 0.927637434831337 -1.1404860463057342 4
24 0.12077443287651667 0.9299090167171392 -1.1543378474023136 4
25 0.1184728960406054 0.9321373102242552 -1.1683689308445557 4
26 0.10249805516836456 0.9340651414705295 -1.1808849213017016 4
27 0.101372678076193 0.9359718060993635 -1.193628748528012 4
28 0.09951723267410877 0.9378435726453411 -1.2065139559952323 4
29 0.09910175641533736 0.9397075247199862 -1.2197368860071962 4
30 0.09777689266158225 0.941546558138981 -1.2331899115810252 4
31 0.0909754803247886 0.943257667421268 -1.246092815081412 4
32 0.08852963258136938 0.9449227740579862 -1.2590279418431316 4
33 0.08472308503751358 0.9465162853723987 -1.2717784371197456 4
34 0.08373986847103997 0.9480913038908692 -1.2847598799965407 4
35 0.08362238749381941 0.9496641127723044 -1.2981222720471997 4
36 0.08057828257338419 0.9511796667080442 -1.3113992600199533 4
37 0.07876593448468444 0.9526611331553064 -1.324782142034031 4
38 0.07870461657952255 0.9541414463067982 -1.3385796463563309 4
39 0.07629395967121702 0.9555764186983677 -1.3523864328014634 4
40 0.07193257029281531 0.9569293600435232 -1.3658186753118897 4
41 0.07184963541708221 0.9582807415108393 -1.3796634192514428 4
42 0.07018108482197978 0.959600740100032 -1.3936265909365266 4
43 0.06948980875050247 0.9609077368463292 -1.4079091863930342 4
44 0.06890173196439373 0.962203672770042 -1.4225503996669637 4
45 0.06342747065265564 0.9633966462327628 -1.436479120729195 4
46 0.06216968454169561 0.9645659626674369 -1.4505793615996534 4
47 0.05933352588477817 0.9656819353067656 -1.464477211404559 4
48 0.052813634702375364 0.9666752787906133 -1.477233475154356 4
49 0.052498844724098596 0.9676627015576714 -1.4902962652149374 4
50 0.05153648374827683 0.9686320237904672 -1.5035135000904225 4
51 0.05125168144826242 0.9695959893287183 -1.5170691237097378 4
52 0.04938668931917075 0.9705248772248171 -1.5305443772261416 4
53 0.04755605401638118 0.9714193336779828 -1.5439276504015238 4
54 0.04705505037886146 0.9723043670209705 -1.5575887046765942 4
55 0.046340039951029734 0.9731759521142139 -1.5714756842841986 4
56 0.045565363207807526 0.9740329667258136 -1.585577665551633 4
57 0.04257361700944608 0.974833711178993 -1.5991808235216076 4
58 0.042121076414509045 0.9756259440375111 -1.6130721960692782 4
59 0.038092183640030704 0.9763423996008821 -1.6260293081557682 4
60 0.03707897676123431 0.9770397982965234 -1.6390243010161338 4
61 0.03668609881263691 0.9777298075603942 -1.6522760301551036 4
62 0.03651651229593354 0.9784166271619312 -1.6658806870626088 4
63 0.03573097503064548 0.9790886720120582 -1.6796183861435086 4
64 0.034621812276471334 0.9797398552115792 -1.6933574552942237 4
65 0.033964493290155134 0.9803786752489067 -1.7072716741901544 4
66 0.033610750270615324 0.9810108419224691 -1.721494290154407 4
67 0.03357162965251561 0.9816422727971933 -1.7361810880791773 4
68 0.033504668946999557 0.9822724442437246 -1.75135114001888 4
69 0.0317770214694837 0.9828701212903942 -1.7662457121036894 4
70 0.031290078010288214 0.9834586396772798 -1.7814287779540807 4
71 0.03125112121076478 0.984046425346503 -1.7971419910801798 4
72 0.02912931690119995 0.9845943031302573 -1.8123186517878902 4
73 0.02581614360889264 0.985079865204833 -1.8262272532351491 4
74 0.025631657681087047 0.985561957381999 -1.8404916805767486 4
75 0.02464788353178463 0.986025546275945 -1.8546651601331672 4
76 0.024084092641840544 0.9864785311277728 -1.868976127295862 4
77 0.023861470973243867 0.9869273288073848 -1.8836356621759638 4
78 0.022138578466008144 0.9873437215208345 -1.8976939778544315 4
79 0.02130106886205171 0.9877443619628785 -1.911664074147678 4
80 0.02038116600702051 0.9881277004428066 -1.9254651539792311 4
81 0.019230231605544216 0.9884893916114964 -1.938901721306157 4
82 0.019230231605544216 0.988851082780186 -1.9527673091444486 4
83 0.019148262838842262 0.9892112322420656 -1.9670281555478404 4
84 0.018254333105189507 0.9895545682564152 -1.9810736045126478 4
85 0.017173339147839896 0.9898775724320327 -1.9947153221855947 4
