x y yc yclog atom
1 46.46325862809837 0.16305930924001746 -0.07730531690314871 1
2 12.720536149716057 0.20770107348513242 -0.101110932498234 1
3 12.44400275515702 0.25137236459448403 -0.12573414505142017 1
4 11.614402571479879 0.29213223629654556 -0.1500478649906624 1
5 10.52427718615788 0.32906639500377816 -0.1733204551074046 1
6 10.5082689932437 0.3659443741627862 -0.19787263969803195 1
7 9.402135415007521 0.39894046077874074 -0.22108250590987272 1
8 9.090029961491524 0.4308412367952449 -0.2447665730314997 1
9 8.296001836771342 0.459955430868146 -0.2675703969746459 1
10 7.189868258535164 0.4851877323979935 -0.2883511127226259 1
11 6.6355382130205145 0.5084746543530657 -0.30845408273358077 1
12 6.10635294756189 0.5299044404465243 -0.3278138510677156 1
13 6.0837346802989964 0.5512548494333184 -0.3480002316582157 1
14 5.989486543560076 0.5722745016775256 -0.36883485904721736 1
15 3.92826006779653 0.5860604347369577 -0.38306306078408014 1
16 3.4329245286744463 0.5981080250017577 -0.39589066573823856 1
17 3.320788718282171 0.6097620830795456 -0.4086705352764664 1
18 3.2753962621991723 0.6212568397490347 -0.42165520137303164 1
19 3.2625398992270807 0.6327064779802682 -0.4349867312678123 1
20 3.136566198857018 0.6437140209910789 -0.4482012681874922 1
21 3.136566198857018 0.6547215640018896 -0.4618305442090946 1
22 2.982353703878515 0.6651879098679058 -0.4751988679342993 1
23 2.868232032568506 0.6752537543174786 -0.48845586100563204 1
24 2.6761003679522943 0.684645327150284 -0.5012007293517751 1
25 2.6679094546737954 0.6940081545894026 -0.5142901471797571 1
26 2.477858243266878 0.7027040116057126 -0.5268109509698989 1
27 2.3114017328087444 0.710815702026411 -0.538825291905023 1
28 2.228039966202541 0.7186348406011736 -0.5507296809510788 1
29 2.1851930437755698 0.7263036111264216 -0.5627309325958109 1
30 2.1705683358683574 0.7339210573399532 -0.574989493913114 1
31 2.056652276494653 0.7411387237166572 -0.586932911922356 1
32 1.99405484146988 0.7481367091063466 -0.5988351263648513 1
33 1.8852645867867652 0.7547529032849919 -0.6103961251839553 1
34 1.8041448565679867 0.7610844138756632 -0.621755517278186 1
35 1.7865130039137505 0.767354046806452 -0.6333044974870302 1
36 1.7273622663686161 0.7734160946756259 -0.6447709421207095 1
37 1.7138768970788776 0.7794308166562126 -0.6564551647817455 1
38 1.6142348716660935 0.785095852447866 -0.6677552027420449 1
39 1.6049386315855612 0.7907282637846097 -0.6792894225670022 1
40 1.5769132036417428 0.7962623219912329 -0.6909286477885744 1
41 1.54248920737099 0.8016755717737608 -0.7026237891206815 1
42 1.4243248867642 0.8066741327663961 -0.7137100329594366 1
43 1.371101517663102 0.8114859103508655 -0.7246561848311618 1
44 1.2344149018623067 0.8158179965444826 -0.7347528072650829 1
45 1.2101566425809653 0.8200649502028757 -0.7448842315914365 1
46 1.1997138279552164 0.8242752555892864 -0.7551670796863831 1
47 1.1958185590865125 0.828471890822768 -0.7656646997597378 1
48 1.1406578292972076 0.8324749436265577 -0.7759202272486613 1
49 1.1076721870713135 0.8363622358015194 -0.7861164629483881 1
50 1.095096084281008 0.8402053930902404 -0.7964378822739423 1
51 1.0893075778590227 0.8440282360513278 -0.8069540162045016 1
52 1.0810724044501476 0.8478221782911319 -0.8176486367329655 1
53 1.080155758841805 0.8516129036321621 -0.8286038633420071 1
54 1.044504916960409 0.8552785150267613 -0.8394669898714695 1
55 1.0307940803715003 0.858896009272256 -0.850460703279464 1
56 1.0294768561490986 0.862508880818479 -0.8617253528520425 1
57 1.022101490809978 0.8660958690751287 -0.8732060248535357 1
58 0.9870661084110044 0.8695599032940803 -0.8845888878879165 1
59 0.9718351730225783 0.872970485691596 -0.8960953624133938 1
60 0.9408568726260589 0.8762723520753574 -0.9075332429784734 1
61 0.8997853709664109 0.8794300811151654 -0.9187610312661295 1
62 0.8930598123718612 0.8825642073132645 -0.9301995163999506 1
63 0.8603440869030998 0.88558352013508 -0.9415114178599653 1
64 0.7990535163327178 0.8883877383123265 -0.9522880913234112 1
65 0.7399794725576744 0.8909846405789722 -0.9625123090147546 1
66 0.7050472202935746 0.8934589507353662 -0.972483030400855 1
67 0.6110409242544288 0.8956033528709076 -0.9813134491950262 1
68 0.6102524656113917 0.8977449879701822 -0.990315395853171 1
69 0.5625484276141759 0.8997192093384045 -0.9987822505154339 1
70 0.536875343484901 0.9016033329500813 -1.0070196119989785 1
71 0.5325759824071076 0.9034723682776338 -1.0153483489691724 1
72 0.5267456200229218 0.9053209423872036 -1.0237460734679147 1
73 0.5173838953195568 0.9071366622285083 -1.032155710615037 1
74 0.5170346282152878 0.9089511563431973 -1.0407255654831058 1
75 0.5159738536334237 0.9107619277493271 -1.0494498200549192 1
76 0.5082261145568466 0.9125455090482776 -1.0582178837785299 1
77 0.5060572901690514 0.9143214790212691 -1.0671280390987017 1
78 0.5036887618802474 0.9160891368224912 -1.0761818113685784 1
79 0.49635644963698383 0.9178310624257394 -1.085292328319293 1
80 0.48588439579760173 0.9195362371441855 -1.094399661681427 1
81 0.46683348662071666 0.9211745541306842 -1.1033335640239414 1
82 0.4558375557890668 0.9227742817255038 -1.1122380436454888 1
83 0.43996589443423995 0.9243183089193313 -1.1210091723409683 1
84 0.4392315704774348 0.9258597590584988 -1.1299460069307552 1
85 0.42061116958515365 0.9273358623021424 -1.1386798758349352 1
86 0.4176931196080097 0.9288017248690095 -1.1475305275733503 1
87 0.41531866194114975 0.930259254455401 -1.1565134142273972 1
88 0.400975566288282 0.931666448027088 -1.1653660040959475 1
89 0.4008183682770622 0.9330730899241858 -1.1743992253177402 1
90 0.37905744056367036 0.934403363483243 -1.1831184286069882 1
91 0.37836818526850513 0.9357312181527165 -1.1919999316442378 1
92 0.37691026677649464 0.9370539563669683 -1.2010315615424532 1
93 0.37479976809323273 0.9383692879449314 -1.2102028145863668 1
94 0.3709032186370426 0.9396709448758399 -1.2194734765661885 1
95 0.3685527525953026 0.9409643530230755 -1.2288856729261703 1
96 0.33428087424531566 0.94213748659261 -1.2376027055782437 1
97 0.32981625732512587 0.943294951925079 -1.2463782770243015 1
98 0.32692559239380614 0.9444422726865286 -1.2552555281505124 1
99 0.31941238558259566 0.9455632264141328 -1.2641076229135537 1
100 0.29376198039739915 0.9465941619752389 -1.27241126575506 1
101 0.29330351005619615 0.9476234885691879 -1.28086343139385 1
102 0.28520124149935255 0.9486243808614294 -1.289242931308682 1
103 0.28281280237225614 0.9496168911063128 -1.2977150378360003 1
104 0.2702720185698886 0.9505653904142854 -1.3059688913741159 1
105 0.24900378465255707 0.9514392504560141 -1.313714618466885 1
106 0.24602887111080565 0.9523026702625657 -1.3215059335963297 1
107 0.24427110780001313 0.9531599213310706 -1.3293823841920478 1
108 0.2434748028615911 0.9540143778273259 -1.337377933255875 1
109 0.23608216863571213 0.9548428904301491 -1.345273864312127 1
110 0.2252311987241623 0.9556333223707333 -1.3529430919347818 1
111 0.2237246763441701 0.9564184672844084 -1.3606975001517518 1
112 0.2228539161635438 0.9572005563307648 -1.368561876149248 1
113 0.2175859181060189 0.9579641577344181 -1.3763802462691845 1
114 0.21644191886961334 0.958723744358851 -1.3842997064424485 1
115 0.21057922636425347 0.9594627563051737 -1.3921457842276859 1
116 0.20233330620675807 0.9601728298153078 -1.3998205501518746 1
117 0.19323550445519344 0.960850975274913 -1.4072790525533894 1
118 0.18843502085990696 0.9615122737986345 -1.4146777456310342 1
119 0.1879333354487992 0.9621718116951633 -1.4221844577570375 1
120 0.1627551189609212 0.9627429885358897 -1.4287919845632213 1
121 0.16272061761003925 0.9633140442967216 -1.43550016266652 1
122 0.15675901998858807 0.9638641782793825 -1.442062065072937 1
123 0.15170627522244842 0.9643965800345662 -1.448508282904137 1
124 0.1459848250200103 0.9649089027908716 -1.4548030522912845 1
125 0.14304412811450046 0.96541090539271 -1.4610608057856993 1
126 0.1405841796848348 0.9659042749906749 -1.4673000703109584 1
127 0.13843775537399167 0.966390111874065 -1.4735329331232019 1
128 0.1378742053473099 0.9668739710210503 -1.4798306225513123 1
129 0.12871200499090032 0.9673256761154497 -1.4857933903196274 1
130 0.12355009160025134 0.9677592658633005 -1.4915950776644797 1
131 0.12025107620240923 0.9681812779649027 -1.4973172673120307 1
132 0.11930657286804042 0.9685999754031381 -1.5030700117268743 1
133 0.11908472528377223 0.9690178942839733 -1.5088890685079668 1
134 0.11816815062911135 0.9694325965150411 -1.5147414503824086 1
135 0.11816815062911129 0.969847298746109 -1.5206737751619992 1
136 0.11483046853161882 0.9702502876330561 -1.5265172288615814 1
137 0.11267170679068228 0.9706457005081459 -1.532328279123902 1
138 0.11267170679068228 0.971041113383236 -1.5382181394876935 1
139 0.10580650931934316 0.9714124333644882 -1.5438228100755726 1
140 0.095840282972802 0.971748777624455 -1.5489627563589157 1
141 0.09569918512848802 0.9720846267121565 -1.5541565603348957 1
142 0.09386833059233951 0.9724140505536571 -1.5593120640096096 1
143 0.09363314674832104 0.9727426490351573 -1.5645163538298037 1
144 0.0923317496942965 0.9730666803616423 -1.5697101147738095 1
145 0.09072779888804708 0.973385082743489 -1.5748748796733247 1
146 0.08575641264760614 0.9736860384194813 -1.5798137637333065 1
147 0.0808728328108293 0.9739698555395842 -1.584523421664588 1
148 0.0807850264071652 0.9742533645097217 -1.5892795154955892 1
149 0.07782253202274884 0.9745264768287804 -1.5939109848360264 1
150 0.07757599036337215 0.9747987239284405 -1.5985774680753686 1
151 0.07688432725517405 0.9750685436884784 -1.6032523524795659 1
152 0.07666147034232804 0.9753375813489532 -1.607964334257127 1
153 0.0765843551524169 0.975606348379473 -1.6127231828785826 1
154 0.07625193991488446 0.975873948823735 -1.617513755285479 1
155 0.07581364016672427 0.9761400110880178 -1.6223297624873905 1
156 0.07455796419225638 0.976401666651973 -1.6271186683567855 1
157 0.0725206238696096 0.9766561723234001 -1.6318279313869664 1
158 0.07084225392628334 0.9769047878818284 -1.6364780446177647 1
159 0.06587086768584254 0.9771359567344022 -1.6408469667374739 1
160 0.06524819021634409 0.9773649403472606 -1.6452183566217264 1
161 0.06414710089240916 0.9775900597700068 -1.6495593017790284 1
162 0.06082467157760789 0.9778035193771253 -1.6537158799291232 1
163 0.06003068592529633 0.9780141925513539 -1.657857579894082 1
164 0.05534800773739183 0.9782084322189094 -1.6617115235773705 1
165 0.053547093273483774 0.9783963517126943 -1.6654729017540055 1
166 0.05253549267645101 0.9785807210703188 -1.6691951535850034 1
167 0.052490100093476905 0.9787649311260896 -1.6729463260784956 1
168 0.05209969238111733 0.9789477710753769 -1.6767019160554808 1
169 0.05171664550699408 0.9791292667504884 -1.6804622926392554 1
170 0.050586610780637274 0.9793067966537762 -1.6841722745395218 1
171 0.049589403756854195 0.9794808269340657 -1.6878401455162717 1
172 0.04957672904559524 0.9796548127334102 -1.691538308343391 1
173 0.049560860211235624 0.9798287428422746 -1.695267033881985 1
174 0.048108553725987976 0.9799975761908327 -1.6989173751777036 1
175 0.04780518792335512 0.9801653448999382 -1.7025753469640827 1
176 0.046768699072574464 0.98032947612943 -1.7061840736816725 1
177 0.04609304426883674 0.9804912361992393 -1.7097702493916267 1
178 0.0449995525917673 0.9806491587423061 -1.7133001497338278 1
179 0.043976537933913304 0.9808034910924253 -1.7167777452565014 1
180 0.04297534417021974 0.9809543098283826 -1.7202032848936082 1
181 0.04282115775614434 0.9811045874587242 -1.72364362174412 1
182 0.04137640019899781 0.9812497948211542 -1.7269939755334351 1
183 0.04118437679525214 0.9813943282919007 -1.7303546463167248 1
184 0.0410674841627773 0.9815384515367511 -1.7337318753122137 1
185 0.04092937816533698 0.9816820901089978 -1.7371240816828408 1
186 0.04033877179926641 0.9818236559926528 -1.7404934663894729 1
187 0.0398114897592356 0.9819633714196726 -1.7438446378470203 1
188 0.03887776918434585 0.9820998100246083 -1.7471423598119236 1
189 0.03847427143836083 0.9822348325845727 -1.7504306954499878 1
190 0.038392215656590976 0.9823695671759466 -1.7537370257159555 1
191 0.03830049464111156 0.9825039798793199 -1.7570607305251 1
192 0.03794210968280795 0.9826371348576547 -1.7603786079130352 1
193 0.03785638584238848 0.9827699889946232 -1.763714445153661 1
194 0.03608785945022415 0.9828966366213212 -1.766918477141868 1
195 0.035600054517929816 0.9830215723333225 -1.7701025312477534 1
196 0.03537399988551054 0.9831457147236046 -1.7732896594645096 1
197 0.035258064703409156 0.9832694502480908 -1.7764897882487278 1
198 0.03520178360392258 0.9833929882582939 -1.7797085072741858 1
199 0.033579511492387096 0.983510833026617 -1.7828012841978924 1
200 0.03289161392863261 0.9836262636702126 -1.7858522074386025 1
201 0.03287946509459689 0.9837416516783896 -1.7889235762846984 1
202 0.0328081697622536 0.9838567894809636 -1.7920100896855737 1
203 0.032807893379268725 0.9839719263135921 -1.7951186696379662 1
204 0.032728731657606015 0.9840867853341163 -1.7982420786419757 1
205 0.03258256061867448 0.9842011313783807 -1.801374012348137 1
206 0.03258256061867448 0.984315477422645 -1.8045286962952696 1
207 0.03250240170926847 0.9844295421552497 -1.8076986169421436 1
208 0.03244381086760595 0.9845434012677051 -1.8108860676175371 1
209 0.03223182786464199 0.984656516441766 -1.814076027716671 1
210 0.031208117376883733 0.9847660389809165 -1.8171871600212612 1
211 0.030409227971754677 0.9848727578778257 -1.8202402418575274 1
212 0.02967007169891367 0.9849768827614258 -1.823239943560362 1
213 0.02932036473506773 0.9850797803747556 -1.8262247840128338 1
214 0.028919758609930582 0.9851812720910398 -1.8291890761023728 1
215 0.028334483886726044 0.9852807098297319 -1.8321131331078098 1
216 0.028292337746390575 0.9853799996597165 -1.835052617269864 1
217 0.028142213190223926 0.9854787626388698 -1.8379963756321263 1
218 0.028142213190223926 0.9855775256180231 -1.8409602237878107 1
219 0.0280729783273167 0.9856760456226358 -1.8439370709113578 1
220 0.027926842014876798 0.9857740527728586 -1.8469188067026825 1
221 0.02738692416029037 0.9858701651220059 -1.8498629133103233 1
222 0.027255548188476194 0.9859658164170677 -1.8528128467089426 1
223 0.027111489502883796 0.9860609621490146 -1.8557672025958893 1
224 0.026904350152773947 0.9861553809410021 -1.858718989564575 1
225 0.026881433430996502 0.9862497193084792 -1.8616884362675818 1
226 0.026873406907470834 0.9863440295074759 -1.8646774303048492 1
227 0.02673445512236783 0.9864378520656407 -1.8676715226986111 1
228 0.02570966980569893 0.986528078216864 -1.8705704473149583 1
229 0.025428382975266964 0.9866173172131262 -1.873456816109034 1
230 0.024900990885491962 0.9867047053665418 -1.8763020339422471 1
231 0.024436661373151886 0.9867904639904802 -1.8791124368929824 1
232 0.024215630156701275 0.9868754469219996 -1.8819154764220383 1
233 0.024215630156701265 0.9869604298535192 -1.8847367250219207 1
234 0.02409178776176481 0.9870449781694741 -1.887561850847285 1
235 0.023975332519537422 0.9871291177945214 -1.8903916843434505 1
236 0.023478004708539182 0.9872115120850455 -1.8931808025903671 1
237 0.023376786270397708 0.9872935511570791 -1.8959758077005124 1
238 0.023211102257697472 0.9873750087735398 -1.8987689150153397 1
239 0.023195737768992718 0.9874564124694836 -1.9015782352851027 1
240 0.02300578733950826 0.9875371495486912 -1.9043826162887396 1
241 0.02293443250940349 0.9876176362134931 -1.9071964408212814 1
242 0.02252228206380788 0.9876966764673252 -1.9099775554768856 1
243 0.02139262814286447 0.9877717522857417 -1.912635772117537 1
244 0.02106923160807834 0.9878456931683589 -1.9152698042231444 1
245 0.02105744384085819 0.9879195926826941 -1.9179184222814372 1
246 0.020945433871049142 0.9879930991064704 -1.9205690740727475 1
247 0.02077219885727641 0.9880659975750039 -1.9232138782430257 1
248 0.02077219885727641 0.9881388960435374 -1.925874887709738 1
249 0.01987198291483284 0.9882086352719729 -1.928435926919239 1
250 0.01961618115234884 0.9882774767833751 -1.9309788984618272 1
251 0.018644346765648225 0.9883429077151393 -1.933409765367934 1
252 0.018543829223548684 0.9884079858881546 -1.9358410988366697 1
253 0.01836857633576176 0.9884724490243502 -1.9382629486232383 1
254 0.01832312540695146 0.9885367526539317 -1.9406923365831488 1
255 0.01817918619157671 0.9886005511396703 -1.9431161453919192 1
256 0.018111347236087698 0.9886641115497 -1.945544436371882 1
257 0.018090992671182575 0.9887276005269162 -1.9479836290291246 1
258 0.017941366104177597 0.9887905644009566 -1.9504162538092897 1
259 0.017941366104177597 0.9888535282749971 -1.9528625813021911 1
260 0.017929436671008197 0.9889164502835898 -1.9553211263083032 1
261 0.01775090696882662 0.988978745755629 -1.957768978949445 1
262 0.017721738884029864 0.9890409388644699 -1.9602266503337435 1
263 0.016708055736958466 0.989099574528598 -1.9625565501074642 1
264 0.01666612273662518 0.9891580630320174 -1.9648931219158652 1
265 0.016240191482118034 0.9892150567617554 -1.9671821362714044 1
266 0.016236961435797847 0.989272039155889 -1.9694828202811374 1
267 0.0161034974387682 0.9893285531681697 -1.9717766950570312 1
268 0.015983344324365316 0.9893846455121387 -1.974065498478527 1
269 0.015841881691148012 0.9894402414036428 -1.9763460099715577 1
270 0.01565533467023914 0.989495182622417 -1.978611493243499 1
271 0.01557713979548639 0.9895498494221633 -1.98087745169145 1
272 0.015576884434234306 0.9896045153257388 -1.9831552575157574 1
273 0.015213062670179035 0.989657904424215 -1.9853914530419763 1
274 0.01504786799495363 0.9897107137844114 -1.9876147519026064 1
275 0.0149077637633475 0.9897630314593516 -1.9898286313467868 1
276 0.014723356520029688 0.9898147019709502 -1.9920262587130952 1
277 0.014517810561128755 0.9898656511344758 -1.9942041496048242 1
278 0.014442781015992756 0.9899163369874596 -1.9963816765060671 1
279 0.014399949894759163 0.9899668725278471 -1.9985636699522542 1
1 146.20312681869032 0.36382509787823825 -0.19642346833935984 2
2 43.05113358181376 0.470957436495022 -0.2765093859010637 2
3 34.31603406943565 0.5563525626169711 -0.35296202272978944 2
4 27.993330456751732 0.6260137006170894 -0.42714430745563564 2
5 21.56189435730903 0.6796702707307822 -0.49440275331739086 2
6 17.13295859756624 0.7223054761079798 -0.5564326844086446 2
7 10.10883701850222 0.7474612213900401 -0.5976719243048486 2
8 8.737144407161672 0.7692035225861971 -0.6367708239886725 2
9 7.543220959807996 0.7879747565791795 -0.6736124295159814 2
10 7.153543746966248 0.8057762825146942 -0.7116977376409074 2
11 6.9779569274795765 0.8231408623111219 -0.7523724968029335 2
12 4.558788502872088 0.8344853643703732 -0.7811635977060538 2
13 3.829740485565731 0.8440156373359927 -0.8069189372168792 2
14 3.661699489163414 0.8531277418718806 -0.8330602278969901 2
15 2.3653639752382385 0.859013927745839 -0.8508237883511824 2
16 2.363019088920647 0.8648942783923808 -0.8693262586019513 2
17 1.9775298935749817 0.8698153428233711 -0.885440196229893 2
18 1.8886500176993417 0.8745152305241269 -0.901408982820258 2
19 1.6982014629142839 0.8787411887981108 -0.9162866938199243 2
20 1.5864530312316252 0.8826890621570908 -0.9306614932266638 2
21 1.5844519403349235 0.8866319558203064 -0.9455093457272072 2
22 1.3460582058958228 0.8899816089307845 -0.958534710548503 2
23 1.3439681588084829 0.8933260609788595 -0.9719416679395246 2
24 1.3078967377741242 0.8965807496369578 -0.9853986145466808 2
25 1.2100193983606207 0.8995918714619311 -0.998231127466571 2
26 1.1862284215180954 0.9025437896661156 -1.011190480529951 2
27 1.1639295386825772 0.9054402173113308 -1.0242935345298703 2
28 1.1114699688890664 0.9082060998134286 -1.0371861772228224 2
29 1.0960635591063765 0.9109336436105402 -1.050286313849315 2
30 1.013615041376089 0.9134560150513154 -1.0627631114324205 2
31 0.9981628040249317 0.915939933745634 -1.0754102720287233 2
32 0.995702570117735 0.9184177301711507 -1.0884042156598828 2
33 0.9938479549101245 0.9208909114042694 -1.101773618901453 2
34 0.9933074109351141 0.9233627474988203 -1.1155600734097493 2
35 0.9582064808068509 0.9257472352608328 -1.1292873711203768 2
36 0.9419053278765083 0.9280911577580013 -1.1432177034864144 2
37 0.9399621352135419 0.9304302446386121 -1.1575795238147824 2
38 0.9179567420557639 0.9327145713065405 -1.1720789762395531 2
39 0.9135568549780353 0.9349879488971025 -1.1870061319359364 2
40 0.9007780401412969 0.9372295265278421 -1.2022445954918732 2
41 0.8619046053154867 0.9393743679837948 -1.2173437208891493 2
42 0.8372491803346743 0.9414578546479445 -1.232531366331894 2
43 0.7687625974334598 0.9433709130984879 -1.246960440966297 2
44 0.6800253847914416 0.9450631498349035 -1.2601362447176592 2
45 0.6682321054657402 0.9467260391072921 -1.273485012434298 2
46 0.5930313462950474 0.9482017920019494 -1.2856852647725325 2
47 0.5851838483746788 0.9496580164722764 -1.2980696767857869 2
48 0.5848457461032979 0.9511133995782998 -1.3108101625608795 2
49 0.5785859668170464 0.9525532052827923 -1.32379312114287 2
50 0.5591405563798941 0.9539446212673826 -1.336719641960423 2
51 0.5559668860440676 0.9553281396033678 -1.3499659605980698 2
52 0.5543562271177079 0.9567076498298531 -1.3635888374203415 2
53 0.5417966036901823 0.958055905552264 -1.3773291773693768 2
54 0.5016368985917687 0.9593042242284837 -1.3904506682767765 2
55 0.42099917205520687 0.960351876685121 -1.4017773645451475 2
56 0.4154615269482823 0.9613857487643005 -1.413252382096016 2
57 0.3719752585267143 0.9623114056759314 -1.4237900601806615 2
58 0.3681740314015171 0.9632276032698242 -1.4344780630120708 2
59 0.3575938437987129 0.9641174721669653 -1.4451169696059896 2
60 0.3554255996467986 0.9650019454090478 -1.4559560957610367 2
61 0.3431152122069187 0.9658557843684532 -1.4666828595396217 2
62 0.3399996654768242 0.9667018703192967 -1.4775801596516875 2
63 0.3389300277498926 0.9675452944867764 -1.4887223272064738 2
64 0.3206849714142063 0.9683433160041789 -1.4995345789790284 2
65 0.3177420117825406 0.9691340139943811 -1.5105198450548927 2
66 0.31085975123784076 0.96990758554433 -1.5215429653770107 2
67 0.3032909412601727 0.9706623221822571 -1.5325742650957632 2
68 0.28094004625692104 0.9713614388294276 -1.5430488051972033 2
69 0.26838693132609587 0.9720293171688564 -1.5532969313339446 2
70 0.2551659508906711 0.9726642952235537 -1.563269724531676 2
71 0.2397833608993385 0.9732609938485903 -1.5728547388459087 2
72 0.23265807926878626 0.9738399612777009 -1.5823616175011197 2
73 0.2275441115273726 0.9744062026464694 -1.5918652730290153 2
74 0.22353095542945473 0.9749624573142565 -1.6014082972823085 2
75 0.22156440178640444 0.9755138182319079 -1.6110789309361018 2
76 0.21704594604783203 0.9760539350152024 -1.6207658432429781 2
77 0.21073177613563795 0.9765783390464082 -1.6303823100577683 2
78 0.21049060116803478 0.9771021429159886 -1.6402051595874412 2
79 0.2081875362991467 0.9776202156304321 -1.6501441022383185 2
80 0.20616242997550693 0.9781332488869484 -1.6602157381552138 2
81 0.20318210603939996 0.9786388656355461 -1.6703756882005167 2
82 0.1999283520682853 0.9791363854481702 -1.6806104493166394 2
83 0.19708699187620643 0.9796268345628378 -1.6909414881776077 2
84 0.19541562787887487 0.9801131245040109 -1.7014334452035307 2
85 0.19250055649834588 0.9805921603176325 -1.712022803933743 2
86 0.19092556551561243 0.9810672767810945 -1.7227869140930803 2
87 0.18404272054352488 0.9815252653499612 -1.7334217905976297 2
88 0.18308425196693898 0.981980868778843 -1.744266152033601 2
89 0.18014821239303427 0.9824291659010226 -1.755207621772484 2
90 0.17831032909378003 0.9828728894680002 -1.7663158994895898 2
91 0.1764225825343064 0.9833119153955241 -1.7775935071459785 2
92 0.17569665752379895 0.9837491348655272 -1.789123513877326 2
93 0.1653758055916552 0.9841606709931416 -1.8002632201449544 2
94 0.164549926855719 0.9845701519293351 -1.8116383501777265 2
95 0.16215059462160689 0.9849736621499637 -1.8231468507713204 2
96 0.16208252881294283 0.9853770029894716 -1.8349636087909889 2
97 0.15836401737711836 0.9857710903484518 -1.8468283782332613 2
98 0.15289716646060453 0.9861515735006475 -1.8585995696659514 2
99 0.15132806394831264 0.9865281519560865 -1.870572824453543 2
100 0.14756898098808635 0.986895375969143 -1.8825754343638061 2
101 0.14724947558534726 0.9872618048960277 -1.8948921035482003 2
102 0.14639055370529497 0.9876260964039401 -1.9074932718510345 2
103 0.14373960943169603 0.9879837910621078 -1.9202325287599504 2
104 0.14146535500848506 0.9883358262596598 -1.93314602006956 2
105 0.14114140316848833 0.9886870553061228 -1.9464243360253095 2
106 0.1409615354748976 0.9890378367535321 -1.9601037347841328 2
107 0.14020819282670438 0.9893867435148886 -1.9741513402720818 2
108 0.13683095097726214 0.9897272460418545 -1.9883131135114134 2
1 46.46325862809837 0.16305930924001746 -0.07730531690314871 3
2 12.720536149716057 0.20770107348513242 -0.101110932498234 3
3 12.44400275515702 0.25137236459448403 -0.12573414505142017 3
4 11.614402571479879 0.29213223629654556 -0.1500478649906624 3
5 10.52427718615788 0.32906639500377816 -0.1733204551074046 3
6 10.5082689932437 0.3659443741627862 -0.19787263969803195 3
7 9.402135415007521 0.39894046077874074 -0.22108250590987272 3
8 9.090029961491524 0.4308412367952449 -0.2447665730314997 3
9 8.296001836771342 0.459955430868146 -0.2675703969746459 3
10 7.189868258535164 0.4851877323979935 -0.2883511127226259 3
11 6.6355382130205145 0.5084746543530657 -0.30845408273358077 3
12 6.10635294756189 0.5299044404465243 -0.3278138510677156 3
13 6.0837346802989964 0.5512548494333184 -0.3480002316582157 3
14 5.989486543560076 0.5722745016775256 -0.36883485904721736 3
15 3.92826006779653 0.5860604347369577 -0.38306306078408014 3
16 3.4329245286744463 0.5981080250017577 -0.39589066573823856 3
17 3.320788718282171 0.6097620830795456 -0.4086705352764664 3
18 3.2753962621991723 0.6212568397490347 -0.42165520137303164 3
19 3.2625398992270807 0.6327064779802682 -0.4349867312678123 3
20 3.136566198857018 0.6437140209910789 -0.4482012681874922 3
21 3.136566198857018 0.6547215640018896 -0.4618305442090946 3
22 2.982353703878515 0.6651879098679058 -0.4751988679342993 3
23 2.868232032568506 0.6752537543174786 -0.48845586100563204 3
24 2.6761003679522943 0.684645327150284 -0.5012007293517751 3
25 2.6679094546737954 0.6940081545894026 -0.5142901471797571 3
26 2.477858243266878 0.7027040116057126 -0.5268109509698989 3
27 2.3114017328087444 0.710815702026411 -0.538825291905023 3
28 2.228039966202541 0.7186348406011736 -0.5507296809510788 3
29 2.1851930437755698 0.7263036111264216 -0.5627309325958109 3
30 2.1705683358683574 0.7339210573399532 -0.574989493913114 3
31 2.056652276494653 0.7411387237166572 -0.586932911922356 3
32 1.99405484146988 0.7481367091063466 -0.5988351263648513 3
33 1.8852645867867652 0.7547529032849919 -0.6103961251839553 3
34 1.8041448565679867 0.7610844138756632 -0.621755517278186 3
35 1.7865130039137505 0.767354046806452 -0.6333044974870302 3
36 1.7273622663686161 0.7734160946756259 -0.6447709421207095 3
37 1.7138768970788776 0.7794308166562126 -0.6564551647817455 3
38 1.6142348716660935 0.785095852447866 -0.6677552027420449 3
39 1.6049386315855612 0.7907282637846097 -0.6792894225670022 3
40 1.5769132036417428 0.7962623219912329 -0.6909286477885744 3
41 1.54248920737099 0.8016755717737608 -0.7026237891206815 3
42 1.4243248867642 0.8066741327663961 -0.7137100329594366 3
43 1.371101517663102 0.8114859103508655 -0.7246561848311618 3
44 1.2344149018623067 0.8158179965444826 -0.7347528072650829 3
45 1.2101566425809653 0.8200649502028757 -0.7448842315914365 3
46 1.1997138279552164 0.8242752555892864 -0.7551670796863831 3
47 1.1958185590865125 0.828471890822768 -0.7656646997597378 3
48 1.1406578292972076 0.8324749436265577 -0.7759202272486613 3
49 1.1076721870713135 0.8363622358015194 -0.7861164629483881 3
50 1.095096084281008 0.8402053930902404 -0.7964378822739423 3
51 1.0893075778590227 0.8440282360513278 -0.8069540162045016 3
52 1.0810724044501476 0.8478221782911319 -0.8176486367329655 3
53 1.080155758841805 0.8516129036321621 -0.8286038633420071 3
54 1.044504916960409 0.8552785150267613 -0.8394669898714695 3
55 1.0307940803715003 0.858896009272256 -0.850460703279464 3
56 1.0294768561490986 0.862508880818479 -0.8617253528520425 3
57 1.022101490809978 0.8660958690751287 -0.8732060248535357 3
58 0.9870661084110044 0.8695599032940803 -0.8845888878879165 3
59 0.9718351730225783 0.872970485691596 -0.8960953624133938 3
60 0.9408568726260589 0.8762723520753574 -0.9075332429784734 3
61 0.8997853709664109 0.8794300811151654 -0.9187610312661295 3
62 0.8930598123718612 0.8825642073132645 -0.9301995163999506 3
63 0.8603440869030998 0.88558352013508 -0.9415114178599653 3
64 0.7990535163327178 0.8883877383123265 -0.9522880913234112 3
65 0.7399794725576744 0.8909846405789722 -0.9625123090147546 3
66 0.7050472202935746 0.8934589507353662 -0.972483030400855 3
67 0.6110409242544288 0.8956033528709076 -0.9813134491950262 3
68 0.6102524656113917 0.8977449879701822 -0.990315395853171 3
69 0.5625484276141759 0.8997192093384045 -0.9987822505154339 3
70 0.536875343484901 0.9016033329500813 -1.0070196119989785 3
71 0.5325759824071076 0.9034723682776338 -1.0153483489691724 3
72 0.5267456200229218 0.9053209423872036 -1.0237460734679147 3
73 0.5173838953195568 0.9071366622285083 -1.032155710615037 3
74 0.5170346282152878 0.9089511563431973 -1.0407255654831058 3
75 0.5159738536334237 0.9107619277493271 -1.0494498200549192 3
76 0.5082261145568466 0.9125455090482776 -1.0582178837785299 3
77 0.5060572901690514 0.9143214790212691 -1.0671280390987017 3
78 0.5036887618802474 0.9160891368224912 -1.0761818113685784 3
79 0.49635644963698383 0.9178310624257394 -1.085292328319293 3
80 0.48588439579760173 0.9195362371441855 -1.094399661681427 3
81 0.46683348662071666 0.9211745541306842 -1.1033335640239414 3
82 0.4558375557890668 0.9227742817255038 -1.1122380436454888 3
83 0.43996589443423995 0.9243183089193313 -1.1210091723409683 3
84 0.4392315704774348 0.9258597590584988 -1.1299460069307552 3
85 0.42061116958515365 0.9273358623021424 -1.1386798758349352 3
86 0.4176931196080097 0.9288017248690095 -1.1475305275733503 3
87 0.41531866194114975 0.930259254455401 -1.1565134142273972 3
88 0.400975566288282 0.931666448027088 -1.1653660040959475 3
89 0.4008183682770622 0.9330730899241858 -1.1743992253177402 3
90 0.37905744056367036 0.934403363483243 -1.1831184286069882 3
91 0.37836818526850513 0.9357312181527165 -1.1919999316442378 3
92 0.37691026677649464 0.9370539563669683 -1.2010315615424532 3
93 0.37479976809323273 0.9383692879449314 -1.2102028145863668 3
94 0.3709032186370426 0.9396709448758399 -1.2194734765661885 3
95 0.3685527525953026 0.9409643530230755 -1.2288856729261703 3
96 0.33428087424531566 0.94213748659261 -1.2376027055782437 3
97 0.32981625732512587 0.943294951925079 -1.2463782770243015 3
98 0.32692559239380614 0.9444422726865286 -1.2552555281505124 3
99 0.31941238558259566 0.9455632264141328 -1.2641076229135537 3
100 0.29376198039739915 0.9465941619752389 -1.27241126575506 3
101 0.29330351005619615 0.9476234885691879 -1.28086343139385 3
102 0.28520124149935255 0.9486243808614294 -1.289242931308682 3
103 0.28281280237225614 0.9496168911063128 -1.2977150378360003 3
104 0.2702720185698886 0.9505653904142854 -1.3059688913741159 3
105 0.24900378465255707 0.9514392504560141 -1.313714618466885 3
106 0.24602887111080565 0.9523026702625657 -1.3215059335963297 3
107 0.24427110780001313 0.9531599213310706 -1.3293823841920478 3
108 0.2434748028615911 0.9540143778273259 -1.337377933255875 3
109 0.23608216863571213 0.9548428904301491 -1.345273864312127 3
110 0.2252311987241623 0.9556333223707333 -1.3529430919347818 3
111 0.2237246763441701 0.9564184672844084 -1.3606975001517518 3
112 0.2228539161635438 0.9572005563307648 -1.368561876149248 3
113 0.2175859181060189 0.9579641577344181 -1.3763802462691845 3
114 0.21644191886961334 0.958723744358851 -1.3842997064424485 3
115 0.21057922636425347 0.9594627563051737 -1.3921457842276859 3
116 0.20233330620675807 0.9601728298153078 -1.3998205501518746 3
117 0.19323550445519344 0.960850975274913 -1.4072790525533894 3
118 0.18843502085990696 0.9615122737986345 -1.4146777456310342 3
119 0.1879333354487992 0.9621718116951633 -1.4221844577570375 3
120 0.1627551189609212 0.9627429885358897 -1.4287919845632213 3
121 0.16272061761003925 0.9633140442967216 -1.43550016266652 3
122 0.15675901998858807 0.9638641782793825 -1.442062065072937 3
123 0.15170627522244842 0.9643965800345662 -1.448508282904137 3
124 0.1459848250200103 0.9649089027908716 -1.4548030522912845 3
125 0.14304412811450046 0.96541090539271 -1.4610608057856993 3
126 0.1405841796848348 0.9659042749906749 -1.4673000703109584 3
127 0.13843775537399167 0.966390111874065 -1.4735329331232019 3
128 0.1378742053473099 0.9668739710210503 -1.4798306225513123 3
129 0.12871200499090032 0.9673256761154497 -1.4857933903196274 3
130 0.12355009160025134 0.9677592658633005 -1.4915950776644797 3
131 0.12025107620240923 0.9681812779649027 -1.4973172673120307 3
132 0.11930657286804042 0.9685999754031381 -1.5030700117268743 3
133 0.11908472528377223 0.9690178942839733 -1.5088890685079668 3
134 0.11816815062911135 0.9694325965150411 -1.5147414503824086 3
135 0.11816815062911129 0.969847298746109 -1.5206737751619992 3
136 0.11483046853161882 0.9702502876330561 -1.5265172288615814 3
137 0.11267170679068228 0.9706457005081459 -1.532328279123902 3
138 0.11267170679068228 0.971041113383236 -1.5382181394876935 3
139 0.10580650931934316 0.9714124333644882 -1.5438228100755726 3
140 0.095840282972802 0.971748777624455 -1.5489627563589157 3
141 0.09569918512848802 0.9720846267121565 -1.5541565603348957 3
142 0.09386833059233951 0.9724140505536571 -1.5593120640096096 3
143 0.09363314674832104 0.9727426490351573 -1.5645163538298037 3
144 0.0923317496942965 0.9730666803616423 -1.5697101147738095 3
145 0.09072779888804708 0.973385082743489 -1.5748748796733247 3
146 0.08575641264760614 0.9736860384194813 -1.5798137637333065 3
147 0.0808728328108293 0.9739698555395842 -1.584523421664588 3
148 0.0807850264071652 0.9742533645097217 -1.5892795154955892 3
149 0.07782253202274884 0.9745264768287804 -1.5939109848360264 3
150 0.07757599036337215 0.9747987239284405 -1.5985774680753686 3
151 0.07688432725517405 0.9750685436884784 -1.6032523524795659 3
152 0.07666147034232804 0.9753375813489532 -1.607964334257127 3
153 0.0765843551524169 0.975606348379473 -1.6127231828785826 3
154 0.07625193991488446 0.975873948823735 -1.617513755285479 3
155 0.07581364016672427 0.9761400110880178 -1.6223297624873905 3
156 0.07455796419225638 0.976401666651973 -1.6271186683567855 3
157 0.0725206238696096 0.9766561723234001 -1.6318279313869664 3
158 0.07084225392628334 0.9769047878818284 -1.6364780446177647 3
159 0.06587086768584254 0.9771359567344022 -1.6408469667374739 3
160 0.06524819021634409 0.9773649403472606 -1.6452183566217264 3
161 0.06414710089240916 0.9775900597700068 -1.6495593017790284 3
162 0.06082467157760789 0.9778035193771253 -1.6537158799291232 3
163 0.06003068592529633 0.9780141925513539 -1.657857579894082 3
164 0.05534800773739183 0.9782084322189094 -1.6617115235773705 3
165 0.053547093273483774 0.9783963517126943 -1.6654729017540055 3
166 0.05253549267645101 0.9785807210703188 -1.6691951535850034 3
167 0.052490100093476905 0.9787649311260896 -1.6729463260784956 3
168 0.05209969238111733 0.9789477710753769 -1.6767019160554808 3
169 0.05171664550699408 0.9791292667504884 -1.6804622926392554 3
170 0.050586610780637274 0.9793067966537762 -1.6841722745395218 3
171 0.049589403756854195 0.9794808269340657 -1.6878401455162717 3
172 0.04957672904559524 0.9796548127334102 -1.691538308343391 3
173 0.049560860211235624 0.9798287428422746 -1.695267033881985 3
174 0.048108553725987976 0.9799975761908327 -1.6989173751777036 3
175 0.04780518792335512 0.9801653448999382 -1.7025753469640827 3
176 0.046768699072574464 0.98032947612943 -1.7061840736816725 3
177 0.04609304426883674 0.9804912361992393 -1.7097702493916267 3
178 0.0449995525917673 0.9806491587423061 -1.7133001497338278 3
179 0.043976537933913304 0.9808034910924253 -1.7167777452565014 3
180 0.04297534417021974 0.9809543098283826 -1.7202032848936082 3
181 0.04282115775614434 0.9811045874587242 -1.72364362174412 3
182 0.04137640019899781 0.9812497948211542 -1.7269939755334351 3
183 0.04118437679525214 0.9813943282919007 -1.7303546463167248 3
184 0.0410674841627773 0.9815384515367511 -1.7337318753122137 3
185 0.04092937816533698 0.9816820901089978 -1.7371240816828408 3
186 0.04033877179926641 0.9818236559926528 -1.7404934663894729 3
187 0.0398114897592356 0.9819633714196726 -1.7438446378470203 3
188 0.03887776918434585 0.9820998100246083 -1.7471423598119236 3
189 0.03847427143836083 0.9822348325845727 -1.7504306954499878 3
190 0.038392215656590976 0.9823695671759466 -1.7537370257159555 3
191 0.03830049464111156 0.9825039798793199 -1.7570607305251 3
192 0.03794210968280795 0.9826371348576547 -1.7603786079130352 3
193 0.03785638584238848 0.9827699889946232 -1.763714445153661 3
194 0.03608785945022415 0.9828966366213212 -1.766918477141868 3
195 0.035600054517929816 0.9830215723333225 -1.7701025312477534 3
196 0.03537399988551054 0.9831457147236046 -1.7732896594645096 3
197 0.035258064703409156 0.9832694502480908 -1.7764897882487278 3
198 0.03520178360392258 0.9833929882582939 -1.7797085072741858 3
199 0.033579511492387096 0.983510833026617 -1.7828012841978924 3
200 0.03289161392863261 0.9836262636702126 -1.7858522074386025 3
201 0.03287946509459689 0.9837416516783896 -1.7889235762846984 3
202 0.0328081697622536 0.9838567894809636 -1.7920100896855737 3
203 0.032807893379268725 0.9839719263135921 -1.7951186696379662 3
204 0.032728731657606015 0.9840867853341163 -1.7982420786419757 3
205 0.03258256061867448 0.9842011313783807 -1.801374012348137 3
206 0.03258256061867448 0.984315477422645 -1.8045286962952696 3
207 0.03250240170926847 0.9844295421552497 -1.8076986169421436 3
208 0.03244381086760595 0.9845434012677051 -1.8108860676175371 3
209 0.03223182786464199 0.984656516441766 -1.814076027716671 3
210 0.031208117376883733 0.9847660389809165 -1.8171871600212612 3
211 0.030409227971754677 0.9848727578778257 -1.8202402418575274 3
212 0.02967007169891367 0.9849768827614258 -1.823239943560362 3
213 0.02932036473506773 0.9850797803747556 -1.8262247840128338 3
214 0.028919758609930582 0.9851812720910398 -1.8291890761023728 3
215 0.028334483886726044 0.9852807098297319 -1.8321131331078098 3
216 0.028292337746390575 0.9853799996597165 -1.835052617269864 3
217 0.028142213190223926 0.9854787626388698 -1.8379963756321263 3
218 0.028142213190223926 0.9855775256180231 -1.8409602237878107 3
219 0.0280729783273167 0.9856760456226358 -1.8439370709113578 3
220 0.027926842014876798 0.9857740527728586 -1.8469188067026825 3
221 0.02738692416029037 0.9858701651220059 -1.8498629133103233 3
222 0.027255548188476194 0.9859658164170677 -1.8528128467089426 3
223 0.027111489502883796 0.9860609621490146 -1.8557672025958893 3
224 0.026904350152773947 0.9861553809410021 -1.858718989564575 3
225 0.026881433430996502 0.9862497193084792 -1.8616884362675818 3
226 0.026873406907470834 0.9863440295074759 -1.8646774303048492 3
227 0.02673445512236783 0.9864378520656407 -1.8676715226986111 3
228 0.02570966980569893 0.986528078216864 -1.8705704473149583 3
229 0.025428382975266964 0.9866173172131262 -1.873456816109034 3
230 0.024900990885491962 0.9867047053665418 -1.8763020339422471 3
231 0.024436661373151886 0.9867904639904802 -1.8791124368929824 3
232 0.024215630156701275 0.9868754469219996 -1.8819154764220383 3
233 0.024215630156701265 0.9869604298535192 -1.8847367250219207 3
234 0.02409178776176481 0.9870449781694741 -1.887561850847285 3
235 0.023975332519537422 0.9871291177945214 -1.8903916843434505 3
236 0.023478004708539182 0.9872115120850455 -1.8931808025903671 3
237 0.023376786270397708 0.9872935511570791 -1.8959758077005124 3
238 0.023211102257697472 0.9873750087735398 -1.8987689150153397 3
239 0.023195737768992718 0.9874564124694836 -1.9015782352851027 3
240 0.02300578733950826 0.9875371495486912 -1.9043826162887396 3
241 0.02293443250940349 0.9876176362134931 -1.9071964408212814 3
242 0.02252228206380788 0.9876966764673252 -1.9099775554768856 3
243 0.02139262814286447 0.9877717522857417 -1.912635772117537 3
244 0.02106923160807834 0.9878456931683589 -1.9152698042231444 3
245 0.02105744384085819 0.9879195926826941 -1.9179184222814372 3
246 0.020945433871049142 0.9879930991064704 -1.9205690740727475 3
247 0.02077219885727641 0.9880659975750039 -1.9232138782430257 3
248 0.02077219885727641 0.9881388960435374 -1.925874887709738 3
249 0.01987198291483284 0.9882086352719729 -1.928435926919239 3
250 0.01961618115234884 0.9882774767833751 -1.9309788984618272 3
251 0.018644346765648225 0.9883429077151393 -1.933409765367934 3
252 0.018543829223548684 0.9884079858881546 -1.9358410988366697 3
253 0.01836857633576176 0.9884724490243502 -1.9382629486232383 3
254 0.01832312540695146 0.9885367526539317 -1.9406923365831488 3
255 0.01817918619157671 0.9886005511396703 -1.9431161453919192 3
256 0.018111347236087698 0.9886641115497 -1.945544436371882 3
257 0.018090992671182575 0.9887276005269162 -1.9479836290291246 3
258 0.017941366104177597 0.9887905644009566 -1.9504162538092897 3
259 0.017941366104177597 0.9888535282749971 -1.9528625813021911 3
260 0.017929436671008197 0.9889164502835898 -1.9553211263083032 3
261 0.01775090696882662 0.988978745755629 -1.957768978949445 3
262 0.017721738884029864 0.9890409388644699 -1.9602266503337435 3
263 0.016708055736958466 0.989099574528598 -1.9625565501074642 3
264 0.01666612273662518 0.9891580630320174 -1.9648931219158652 3
265 0.016240191482118034 0.9892150567617554 -1.9671821362714044 3
266 0.016236961435797847 0.989272039155889 -1.9694828202811374 3
267 0.0161034974387682 0.9893285531681697 -1.9717766950570312 3
268 0.015983344324365316 0.9893846455121387 -1.974065498478527 3
269 0.015841881691148012 0.9894402414036428 -1.9763460099715577 3
270 0.01565533467023914 0.989495182622417 -1.978611493243499 3
271 0.01557713979548639 0.9895498494221633 -1.98087745169145 3
272 0.015576884434234306 0.9896045153257388 -1.9831552575157574 3
273 0.015213062670179035 0.989657904424215 -1.9853914530419763 3
274 0.01504786799495363 0.9897107137844114 -1.9876147519026064 3
275 0.0149077637633475 0.9897630314593516 -1.9898286313467868 3
276 0.014723356520029688 0.9898147019709502 -1.9920262587130952 3
277 0.014517810561128755 0.9898656511344758 -1.9942041496048242 3
278 0.014442781015992756 0.9899163369874596 -1.9963816765060671 3
279 0.014399949894759163 0.9899668725278471 -1.9985636699522542 3
1 46.46325862809836 0.17066690786530506 -0.08127100500866219 4
2 12.167469360597977 0.21535994992979976 -0.10532952812010148 4
3 11.890935966038933 0.25903724103828324 -0.13020361925935564 4
4 11.061335782361796 0.29966727927873293 -0.1546955822101729 4
5 10.524277186157883 0.3383246162351369 -0.17935502206479964 4
6 9.955202204125616 0.3748916506515416 -0.20404470034252267 4
7 9.090029961491531 0.40828077039340493 -0.22788431685391244 4
8 8.849068625889437 0.44078480098576467 -0.252421033331207 4
9 7.7429350476532575 0.4692258277540795 -0.2750902182943791 4
10 6.636801469417078 0.49360385069834944 -0.2955096054065839 4
11 6.635538213020517 0.517977233501798 -0.31693244904114665 4
12 5.53066789118091 0.5382922526220231 -0.3356328379997028 4
13 5.427869286721683 0.5582296761866637 -0.3548034614772338 4
14 5.284841067847129 0.5776417344503432 -0.3743190022568054 4
15 3.4372275593219643 0.5902672156692634 -0.3874992850478456 4
16 3.146847484618244 0.601826084882942 -0.39992719456422865 4
17 3.106544284844614 0.6132369140605675 -0.4125549832390883 4
18 3.0495068648061294 0.624438235760715 -0.42531862946546933 4
19 3.045037239278612 0.6356231398183935 -0.4384492107729452 4
20 2.767558410756193 0.645788820191374 -0.450737735487641 4
21 2.767558410756193 0.6559545005643544 -0.46338411891931436 4
22 2.752941880503246 0.6660664921067269 -0.4763400003436111 4
23 2.6831848046608635 0.6759222548612942 -0.4893507915389347 4
24 2.6761003679522983 0.6857519953577867 -0.5027274712414554 4
25 2.5062179725723537 0.6949577309098066 -0.5156399771754928 4
26 2.3701252761683222 0.7036635764333582 -0.5282149648486298 4
27 2.3114017328087484 0.7121537210814225 -0.5408393804370009 4
28 2.142346121348597 0.7200228976932987 -0.5528774856166441 4
29 2.0994991989216256 0.7277346907729377 -0.5650076909077013 4
30 1.9818232631841541 0.7350142415029122 -0.5767774663361376 4
31 1.9709584316407092 0.7422538839858385 -0.5888078703948884 4
32 1.8990998490189337 0.7492295785137191 -0.6007236901014693 4
33 1.7995707419328215 0.7558396868676952 -0.6123249267480475 4
34 1.7273622663686174 0.7621845620544316 -0.6237599562902864 4
35 1.7091898641170404 0.7684626871295243 -0.6353790112639129 4
36 1.6541787073275471 0.7745387475129751 -0.6469280847261344 4
37 1.6281830522249336 0.7805193217380012 -0.6586037063719479 4
38 1.5769132036417437 0.7863115736889816 -0.6702189992462065 4
39 1.519279879215147 0.7918921293112859 -0.6817114943581088 4
40 1.5157753742752533 0.7974598123318973 -0.6934887919512475 4
41 1.456795362517046 0.8028108524279732 -0.7051169904053411 4
42 1.3293698943132535 0.8076938385974898 -0.7160068009396595 4
43 1.2854076728091581 0.8124153445646155 -0.7268026901163084 4
44 1.195818559086513 0.8168077755277728 -0.7370929637493344 4
45 1.149648810451918 0.8210306176917572 -0.7472212608186146 4
46 1.1394599094113602 0.8252160344084857 -0.7574984113728604 4
47 1.114019983101273 0.8293080062466615 -0.7677868488342405 4
48 1.069366714966133 0.8332359595587215 -0.777897591117735 4
49 1.0416767630965704 0.8370622032919866 -0.7879781606411937 4
50 1.0386421091213955 0.8408773002605674 -0.7982678614070515 4
51 1.0340692564305767 0.8446756004169593 -0.8087603165062606 4
52 1.02871977032553 0.8484542510636272 -0.8194562416742517 4
53 1.025622395436402 0.8522215245617604 -0.8303888181682071 4
54 0.976541760351949 0.8558085171137597 -0.8410603917993217 4
55 0.9706496072262938 0.8593738668541201 -0.8519339650457526 4
56 0.9683066755041904 0.8629306106351878 -0.8630595219739085 4
57 0.9495499245094632 0.8664184578991282 -0.874253547231268 4
58 0.9400629603914333 0.8698714580413025 -0.8856274362926853 4
59 0.8970960878527555 0.8731666340554813 -0.8967664819479774 4
60 0.8695367337570435 0.8763605801971723 -0.907843041598231 4
61 0.84605666435229 0.8794682803251294 -0.9188986471391558 4
62 0.8221065719296295 0.8824880079703644 -0.9299178116343882 4
63 0.8140915261124675 0.8854782950828775 -0.9411121951371063 4
64 0.7520503683131466 0.8882406951966169 -0.951716308405986 4
65 0.7084909843637318 0.8908430947941062 -0.9619487858553465 4
66 0.6580440722740033 0.8932601948936284 -0.9716735944994975 4
67 0.5789574673749107 0.8953867973674946 -0.9804135021932997 4
68 0.5640377762348578 0.8974585974527994 -0.9891007466348035 4
69 0.5625484276141771 0.8995249269247348 -0.9979416692745403 4
70 0.517383895319557 0.9014253599163223 -1.0062347999504846 4
71 0.5166158965609423 0.9033229719268325 -1.0146767086084316 4
72 0.5064861730989632 0.9051833758587052 -1.0231155113974348 4
73 0.49140367012707054 0.9069883793683714 -1.0314627884254863 4
74 0.4865994713842156 0.9087757362951586 -1.0398896332547902 4
75 0.4858843957976031 0.9105604666360614 -1.048470475311802 4
76 0.48497156974534167 0.9123418440222992 -1.057207669629271 4
77 0.4791185783738939 0.9141017224442239 -1.0660155446148785 4
78 0.47609700271302524 0.9158505021401843 -1.074948471219492 4
79 0.47340087325076224 0.9175893785256125 -1.084016810748995 4
80 0.4700314801957163 0.9193158785966997 -1.0932119258162942 4
81 0.4422633031143635 0.9209403817553994 -1.1020452870669626 4
82 0.4399658944342401 0.9225564461681497 -1.111014725764892 4
83 0.43923157047743544 0.9241698132927033 -1.1201578747024938 4
84 0.4355781088651082 0.9257697606741139 -1.1294191392352153 4
85 0.40097556628828257 0.9272426074362343 -1.1381228733174502 4
86 0.39586933608014485 0.9286966982060675 -1.1468903591006694 4
87 0.39505921501719116 0.9301478132729282 -1.155819993721086 4
88 0.39312293610165644 0.9315918160806612 -1.1648919389465808 4
89 0.37791446151837305 0.9329799557525076 -1.173795289773868 4
90 0.3769102667764957 0.934364406858021 -1.1828605857293895 4
91 0.3618275569016858 0.935693456781341 -1.191744835175602 4
92 0.3589646885880696 0.9370119909359195 -1.2007421186885232 4
93 0.35454032116927414 0.9383142736882304 -1.2098153173473494 4
94 0.3540439814262685 0.9396147333060542 -1.2190690112803153 4
95 0.34398256908894936 0.9408782357628204 -1.2282526147512585 4
96 0.31402142732135707 0.9420316862005816 -1.2368093323402631 4
97 0.31301386505789996 0.9431814357025696 -1.245509744312153 4
98 0.3114931319181745 0.9443255993108793 -1.2543444492613014 4
99 0.29484220207624234 0.9454086014166792 -1.2628757793112182 4
100 0.2852012414993528 0.9464561907473295 -1.2712907351556875 4
101 0.28441552490297817 0.9475008940164781 -1.2798480922079303 4
102 0.27350253347344056 0.9485055121396894 -1.2882392567834893 4
103 0.2639586155474393 0.9494750739407777 -1.2964943133810944 4
104 0.24570183506353527 0.9503775756956108 -1.3043220220811518 4
105 0.2368572585719447 0.9512475899201723 -1.3120039100475325 4
106 0.23608216863571227 0.9521147571166382 -1.3197983054114384 4
107 0.23236060049353935 0.95296825440389 -1.3276089019962245 4
108 0.23031400270691113 0.953814234213328 -1.3354918511280798 4
109 0.22798636728001248 0.9546516642491883 -1.343438646586278 4
110 0.21198230468156465 0.955430308828376 -1.350960375178446 4
111 0.21194969337868763 0.9562088336210832 -1.358613487208393 4
112 0.20613402767938677 0.9569659965525826 -1.3661882496821414 4
113 0.2040738092199213 0.9577155919753796 -1.373819745087861 4
114 0.20259446923958532 0.9584597535481287 -1.3815309311911401 4
115 0.1997802916789073 0.9591935782009836 -1.3892714856254789 4
116 0.19007068158816712 0.9598917379181517 -1.3967661558846054 4
117 0.18306521474702545 0.9605641654460754 -1.4041089640599864 4
118 0.17804210726728398 0.9612181423046583 -1.4113713915566264 4
119 0.1779664085899123 0.9618718411100101 -1.4187541651753872 4
120 0.16272061761003942 0.9624695397104402 -1.4256161091816408 4
121 0.15371316790753692 0.9630341525214989 -1.4321993327231255 4
122 0.14538518042151327 0.9635681753155216 -1.4385190766154836 4
123 0.14514724073017424 0.9641013241193729 -1.44492157003846 4
124 0.14304412811450087 0.9646267478574924 -1.4513250102271633 4
125 0.13843775537399172 0.9651352516589715 -1.4576134652503177 4
126 0.13809375339730712 0.9656424918867066 -1.4639783422764965 4
127 0.13174646288742967 0.9661264175111052 -1.4701388697007625 4
128 0.1315142326083939 0.9666094901169076 -1.4763769490881051 4
129 0.12871200499090066 0.9670822696968498 -1.4825701172872154 4
130 0.12355009160025172 0.9675360887513562 -1.4885991576036368 4
131 0.11483046853161887 0.967957879249304 -1.494278747274308 4
132 0.11379207082671597 0.9683758555480184 -1.4999812149010072 4
133 0.11375742994394582 0.9687937046052839 -1.5057577848472283 4
134 0.11324447768623189 0.9692096695076647 -1.511585649510988 4
135 0.11324447768623183 0.9696256344100456 -1.5174927841313877 4
136 0.11317748348462066 0.970041353232113 -1.523477807611839 4
137 0.10674161695959378 0.9704334320971116 -1.5291990855971436 4
138 0.10674161695959378 0.9708255109621101 -1.5349967414511654 4
139 0.10580650931934321 0.9712141550286422 -1.5408210178672768 4
140 0.09584028297280234 0.9715661915673367 -1.5461649668829642 4
141 0.09321349200826783 0.9719085794867831 -1.5514262990521341 4
142 0.09233174969429672 0.9722477286270588 -1.556701466438024 4
143 0.08917442547459159 0.9725752804154133 -1.5618578043545 4
144 0.08824210576782687 0.9728994076458227 -1.5670212163824577 4
145 0.08664768977754425 0.9732176783337735 -1.5721517782154475 4
146 0.08327071952738592 0.9735235448751457 -1.5771401620862535 4
147 0.07829933328694497 0.9738111507274808 -1.5818835838800156 4
148 0.07702174553412329 0.9740940637976534 -1.5866007083308746 4
149 0.07436375282173789 0.9743672136396163 -1.5912041821432608 4
150 0.07434365743156526 0.9746402896680282 -1.5958557114348118 4
151 0.07332794704650401 0.9749096348313261 -1.6004930178569334 4
152 0.07322316881445168 0.9751785951275828 -1.6051736414081246 4
153 0.07313961583672617 0.975447248520519 -1.6098998320380558 4
154 0.07252062386960971 0.9757136282579231 -1.6146373616910479 4
155 0.07215197208689701 0.9759786538789414 -1.6194026590244128 4
156 0.07017220159271208 0.9762364074893756 -1.624087903354118 4
157 0.06962214104765174 0.9764921406403083 -1.628786916200473 4
158 0.06835656080606307 0.9767432251145691 -1.6334505108703974 4
159 0.06338517456562226 0.9769760488997927 -1.637820145789884 4
160 0.062348270651173425 0.977205063972712 -1.6421616222834623 4
161 0.060137907086633635 0.977425960030178 -1.6463907103245066 4
162 0.06003068592529642 0.9776464622473365 -1.6506537340589607 4
163 0.05834203192137916 0.9778607617708869 -1.654837326482782 4
164 0.053618382495598374 0.9780577105819573 -1.658718060911256 4
165 0.050801088490228276 0.9782443110259386 -1.6624271586183297 4
166 0.050586610780637344 0.9784301236593234 -1.6661523446849242 4
167 0.05039118685292256 0.9786152184696698 -1.6698951821926138 4
168 0.050048700089129185 0.9787990552718893 -1.673644786190878 4
169 0.04978415049751217 0.9789819203415592 -1.6774069663211337 4
170 0.049365888893039854 0.9791632490701108 -1.6811699995388911 4
171 0.04819959768321764 0.9793402938263296 -1.684875859392439 4
172 0.048164779641905124 0.9795172106903682 -1.6886109022227815 4
173 0.047109933569011525 0.9796902529377128 -1.6922954852676195 4
174 0.046311275800750326 0.979860361588582 -1.6959483310681804 4
175 0.04576179500764717 0.9800284519094705 -1.6995882695751605 4
176 0.04537261850324396 0.9801951127234199 -1.7032276251253053 4
177 0.04372929840889643 0.9803557373623911 -1.70676426812108 4
178 0.0429995724765777 0.9805136816024379 -1.7102702055543144 4
179 0.0425804573645828 0.9806700863662982 -1.7137700864003402 4
180 0.041579964777705467 0.980822816162427 -1.7172151684687722 4
181 0.041376400198997854 0.9809747982336176 -1.7206707287459897 4
182 0.04092937816533708 0.9811251383220784 -1.7241162223602564 4
183 0.04037077785687312 0.9812734265831343 -1.727541682437309 4
184 0.03978829622592163 0.9814195752969054 -1.7309443633185648 4
185 0.03931993164521233 0.981564003633391 -1.734333386138851 4
186 0.039097578820827525 0.9817076152327362 -1.737729672120678 4
187 0.037769874899787656 0.9818463499652957 -1.7410360411205248 4
188 0.03699613508726046 0.9819822426289775 -1.7442992656322465 4
189 0.03680147702799741 0.9821174202827774 -1.7475698302749911 4
190 0.03677626814735421 0.9822525053403661 -1.7508629458365395 4
191 0.03661519286394959 0.9823869987429273 -1.754166633906268 4
192 0.03604752436810501 0.9825194070091954 -1.7574438389632805 4
193 0.035710220877936905 0.9826505763063212 -1.7607149468565149 4
194 0.03520178360392262 0.9827798780328125 -1.763963776837712 4
195 0.034775573652034306 0.9829076142226467 -1.767197313661707 4
196 0.034203973948599295 0.9830332508362394 -1.7704013607161704 4
197 0.03413280690707165 0.9831586260420169 -1.7736224806493381 4
198 0.03381896002163737 0.9832828484384768 -1.776837720108609 4
199 0.032728731657606126 0.9834030662534833 -1.7799721396690376 4
200 0.03250240170926855 0.9835224527227432 -1.7831074336114858 4
201 0.03176440276306891 0.9836391284049883 -1.7861935638174389 4
202 0.031650420950193714 0.9837553854139819 -1.7892905881140864 4
203 0.0314118128099382 0.9838707659774854 -1.792386256770619 4
204 0.031282208377962764 0.9839856704833833 -1.7954912395371025 4
205 0.03123549183986705 0.9841004033920375 -1.798613894117179 4
206 0.031208117376883737 0.9842150357499537 -1.801756397365379 4
207 0.03116592754829738 0.9843295131379476 -1.8049175103458217 4
208 0.031165927548297376 0.9844439905259412 -1.8081018010266225 4
209 0.030736241874574098 0.9845568896104011 -1.8112652241430471 4
210 0.029168034993315772 0.9846640284226109 -1.8142887050200904 4
211 0.029162129972771327 0.9847711455447453 -1.8173327639307209 4
212 0.028072978327316776 0.9848742620403842 -1.8202834276526338 4
213 0.0278901030406742 0.984976706806131 -1.8232348570017691 4
214 0.02760795865886133 0.9850781152108773 -1.8261763174922065 4
215 0.02754262724755294 0.9851792836430023 -1.8291308042937815 4
216 0.02738692416029039 0.9852798801530274 -1.8320886540836419 4
217 0.02706223610524319 0.9853792840324016 -1.8350313597198964 4
218 0.026918638703692505 0.9854781604557769 -1.8379783661908227 4
219 0.026918638703692484 0.9855770368791521 -1.8409455069651046 4
220 0.02690435015277399 0.9856758608184165 -1.8439314677843999 4
221 0.026685649036437886 0.9857738814338426 -1.8469135760393125 4
222 0.026154908203131783 0.9858699525541283 -1.849856379875033 4
223 0.025961312736549478 0.9859653125676036 -1.852797255127657 4
224 0.02579640406544267 0.986060066845411 -1.855739308781966 4
225 0.025788977819816348 0.9861547938454424 -1.8587005732430555 4
226 0.02533778365561536 0.9862478635378478 -1.8616298268048856 4
227 0.024701857747402238 0.9863385973736731 -1.8645047090291735 4
228 0.02448539981495141 0.9864285361252297 -1.867373304997137 4
229 0.023478004708539255 0.9865147745550076 -1.8701417886476672 4
230 0.023374197835188824 0.9866006316856987 -1.8729156750739737 4
231 0.023361898447265307 0.9866864436387899 -1.8757059188496081 4
232 0.023248807291672696 0.9867718401901551 -1.8785005670003543 4
233 0.023227237089080845 0.9868571575107498 -1.881310696884888 4
234 0.02322723708908084 0.9869424748313445 -1.8841391283783755 4
235 0.023195737768992787 0.9870276764499475 -1.88698222787988 4
236 0.02312811625129424 0.9871126296840061 -1.889835691937846 4
237 0.0231223486793854 0.9871975617328597 -1.8927073096396272 4
238 0.023005787339508275 0.9872820656334504 -1.8955834206103788 4
239 0.022510979371494162 0.9873647520260066 -1.8984162303819605 4
240 0.022100453145425216 0.9874459304907144 -1.9012154710799543 4
241 0.021884753557257636 0.9875263166566719 -1.9040052851358424 4
242 0.021795756835943154 0.9876063759235768 -1.9068016810127904 4
243 0.020441844669848337 0.9876814620566607 -1.9094408344459113 4
244 0.02034270638021361 0.9877561840391054 -1.9120832069878533 4
245 0.020078027848260172 0.9878299338153816 -1.914707059934571 4
246 0.01961818780964995 0.9879019945263662 -1.9172862233359893 4
247 0.01961818780964995 0.9879740552373506 -1.919880795279448 4
248 0.019449331451688503 0.9880454957121884 -1.9224684278737205 4
249 0.019209583484338415 0.9881160555547707 -1.925039387092771 4
250 0.018889655924484106 0.9881854402527548 -1.9275824570958855 4
251 0.018323125406951468 0.98825274399442 -1.9300635666523758 4
252 0.0179294366710082 0.9883186016550051 -1.9325051660279853 4
253 0.017636544237775387 0.9883833834752943 -1.9349203468701932 4
254 0.01759286362234107 0.9884480048497646 -1.937343002100132 4
255 0.01732389735625782 0.9885116382685405 -1.9397418983539063 4
256 0.017292396621255913 0.9885751559801275 -1.9421497205159737 4
257 0.016995549225472313 0.9886375833242145 -1.9445292885778303 4
258 0.016955608925318565 0.9886998639612533 -1.9469163281518562 4
259 0.016951228497767708 0.9887621285082879 -1.94931593849485 4
260 0.016944623542834412 0.988824368794277 -1.9517279383149702 4
261 0.016944623542834412 0.988886609080266 -1.9541534088325445 4
262 0.01679877890895526 0.9889483136558157 -1.9565714492100106 4
263 0.016708055736958216 0.989009684990786 -1.958989859459789 4
264 0.015655334670239156 0.9890671895145463 -1.961268180097488 4
265 0.015598203497272221 0.98912448418646 -1.9635501357837506 4
266 0.015484833738763722 0.9891813624332949 -1.9658274281867276 4
267 0.015475685398294825 0.9892382070768262 -1.9681153688392528 4
268 0.015252903166961613 0.9892942334059374 -1.9703822292895596 4
269 0.015233038117753742 0.9893501867675765 -1.9726580084542662 4
270 0.015150120477132038 0.989405835559589 -1.9749332903197316 4
271 0.01504786799495336 0.9894611087620396 -1.977205077412345 4
272 0.014941338171180834 0.9895159906635751 -1.9794726009688546 4
273 0.01493663130879671 0.9895708552760597 -1.9817513058499274 4
274 0.014827921843085939 0.9896253205814589 -1.9840253142698132 4
275 0.014510223396324936 0.9896786189301457 -1.9862621873127795 4
276 0.014296592562927417 0.9897311325789464 -1.9884774531807825 4
277 0.014057640188899656 0.9897827685178314 -1.9906667671074234 4
278 0.013809624680098113 0.9898334934564715 -1.9928282554853007 4
279 0.013715142662279734 0.9898838713476962 -1.994985656133648 4
280 0.013697513314527029 0.9899341844835342 -1.9971510334973053 4
281 0.013657609176600043 0.9899843510451535 -1.9993209057435501 4
1 46.46325862809836 0.26417879487513396 -0.133227700690787 5
2 31.99041480285852 0.44606851763048133 -0.2565439512808047 5
3 25.095221686805335 0.5887538483217587 -0.38589815302427727 5
4 11.885874291726655 0.6563340404808766 -0.4638634830654143 5
5 6.799609136713273 0.6949949652717297 -0.5156929916805623 5
6 5.373537126101698 0.7255475912412707 -0.5615329532371349 5
7 3.4357644174387554 0.7450825125979259 -0.5936003708009596 5
8 2.766380330295962 0.7608114787402598 -0.6212596661266524 5
9 2.766380330295962 0.7765404448825937 -0.6508010702001267 5
10 2.0986054945745347 0.7884726056230321 -0.6746333802684698 5
11 2.08406411990994 0.8003220876416559 -0.6996699725424962 5
12 1.9103921099174448 0.8111841128253943 -0.723961466489319 5
13 1.7756464541014434 0.8212800069623832 -0.747826861147248 5
14 1.73672009992495 0.8311545753112365 -0.7725107032213129 5
15 1.6212424146143614 0.8403725656102264 -0.7968924664929217 5
16 1.563048089932455 0.8492596771241941 -0.8217705588331646 5
17 1.4668383751272793 0.8575997635851851 -0.846489289676941 5
18 1.38937607993996 0.8654994182642677 -0.8712758372669851 5
19 1.3124343356401973 0.8729616008872595 -0.8960649876884179 5
20 1.2157040699474648 0.8798737987314567 -0.9203622563332536 5
21 1.1580302961531153 0.8864580775164496 -0.9448437566058585 5
22 1.0420320599549717 0.8923828185257615 -0.968118386441305 5
23 1.0036262566660332 0.8980891934727553 -0.9917797613683524 5
24 0.9491457248337744 0.9034858053581694 -1.0154088089228397 5
25 0.8691665936973031 0.9084276753442281 -1.038235760670056 5
26 0.8492222171789529 0.9132561464532228 -1.0617612884712466 5
27 0.8137449876921667 0.917882902658699 -1.0855664103844391 5
28 0.5637976794475845 0.9210885192234353 -1.1028598069910254 5
29 0.506270574591056 0.9239670506528975 -1.1189981627379146 5
30 0.4789146295672047 0.9266900428282809 -1.1348370342122538 5
31 0.47319935832827115 0.9293805393605938 -1.1510756037118084 5
32 0.46983139953965536 0.9320518864978741 -1.1678225964295017 5
33 0.3632751138379935 0.9341173804949698 -1.1812291415307699 5
34 0.3363658461462903 0.9360298749367252 -1.1940228002244875 5
35 0.32799161320971415 0.9378947555255029 -1.2068717242974298 5
36 0.3110097891331529 0.939663081590302 -1.2194168743373486 5
37 0.3094565784545871 0.9414225764767168 -1.2322697342971054 5
38 0.2981741938270128 0.9431179224665148 -1.245024550027033 5
39 0.28708595919983343 0.9447502234494062 -1.2576694740779708 5
40 0.28254731076288386 0.9463567187804807 -1.2704846653478803 5
41 0.27834804813780123 0.947939338124971 -1.2834903147737375 5
42 0.26835677444431155 0.9494651495157892 -1.2964090148940042 5
43 0.263162129266514 0.9509614254167729 -1.3094621620548093 5
44 0.2556380430711806 0.9524149211925071 -1.3225292071000068 5
45 0.2518387102199154 0.9538468148851411 -1.335798322155402 5
46 0.23923829933319454 0.9552070657042174 -1.348790486858154 5
47 0.23853935506161028 0.9565633424960556 -1.36214360154636 5
48 0.2287287753794774 0.9578638387164493 -1.3753450323090617 5
49 0.22532937230202957 0.9591450067572272 -1.388754856995465 5
50 0.21531446939987509 0.9603692324943959 -1.4019675168603336 5
51 0.20250822983642242 0.9615206450661806 -1.4147722170664205 5
52 0.20181950768777457 0.9626681417312339 -1.427920391649245 5
53 0.19882003438414372 0.9637985841201556 -1.4412744433679836 5
54 0.19139063946655563 0.9648867847754167 -1.4545294015126486 5
55 0.18946969945605108 0.965964063432695 -1.4680622944081059 5
56 0.17890451629620704 0.9669812710265736 -1.4812396485308723 5
57 0.17711707923487247 0.9679883156877886 -1.4946914746139106 5
58 0.16746680953323645 0.9689404912611419 -1.507805417689571 5
59 0.16235732263196645 0.9698636155339222 -1.5209088522409784 5
60 0.15413598212697593 0.9707399952629275 -1.533725607900241 5
61 0.1509057762185341 0.971598008826294 -1.5466512118741005 5
62 0.1475975660290604 0.9724372127106397 -1.5596768664748464 5
63 0.14671830106950046 0.9732714173081457 -1.573024069504819 5
64 0.1458013585483715 0.9741004083933549 -1.5867070839642625 5
65 0.13837666161857998 0.97488718445652 -1.6001045932827702 5
66 0.13778353480822678 0.9756705881448112 -1.6138683896772144 5
67 0.13770975676800226 0.9764535723490986 -1.628074972576882 5
68 0.13283780942615436 0.9772088558450095 -1.6422338719356409 5
69 0.13238318158240253 0.9779615544375062 -1.6568190408292673 5
70 0.12607259402365872 0.9786783725630392 -1.6711796495555402 5
71 0.12466129339791947 0.9793871663762549 -1.6858623021283112 5
72 0.12077842484888854 0.9800738831426982 -1.700577327077665 5
73 0.12001872917158089 0.9807562804641768 -1.715710981271239 5
74 0.11301378814015038 0.9813988493936209 -1.7304601909140185 5
75 0.11232673490502884 0.9820375119053699 -1.7456335067039628 5
76 0.11153905198761216 0.9826716958435103 -1.761243937662095 5
77 0.1098290099054007 0.9832961568980261 -1.7771835979562658 5
78 0.10897776236130884 0.9839157779659161 -1.7935999403246692 5
79 0.10331829622034187 0.9845032206849581 -1.8097585515744365 5
80 0.09066949828460905 0.9850187454134428 -1.8244518156616585 5
81 0.08747471443850723 0.985516105377525 -1.8391146435515255 5
82 0.08529456916699722 0.9860010695655146 -1.8539051446178687 5
83 0.08486983061233722 0.9864836187933225 -1.8691395681828855 5
84 0.08241776503234238 0.9869522261722588 -1.884463580034554 5
85 0.08111291702479762 0.9874134145025892 -1.9000920697933348 5
86 0.07715439146576111 0.9878520956187782 -1.9154986351659524 5
87 0.07516871315221965 0.9882794866507293 -1.9310533661444567 5
88 0.07494187263284002 0.9887055879226244 -1.9471363710470273 5
89 0.07475111961108799 0.9891306046192037 -1.9637946132354036 5
90 0.07374158328572539 0.989549881337622 -1.9808787780578667 5
91 0.07202425533248429 0.9899593937467238 -1.9982400636348736 5
1 46.463258628098345 0.3652000689237661 -0.197363129070959 6
2 33.52069904253168 0.6286719381417866 -0.4302422292018974 6
3 7.570177854473719 0.6881733497054404 -0.506086770541454 6
4 3.7703926155586593 0.7178085428392897 -0.5494561378677134 6
5 3.383685680629566 0.7444042289850519 -0.5924463361163996 6
6 2.996978745700473 0.7679604081427269 -0.6344379070998466 6
7 2.6102718107713794 0.7884770803123148 -0.6746425675107393 6
8 2.2235648758422863 0.8059542454938157 -0.712095854674582 6
9 1.8368579409131929 0.8203919036872294 -0.7456740902482902 6
10 1.5157377902185363 0.8323055654019377 -0.7754813504139408 6
11 1.4501510059841034 0.8437037166072643 -0.8060513490519403 6
12 1.3091732271146546 0.8539937859414519 -0.8356286601477032 6
13 0.8553040393555911 0.8607164546337968 -0.8561001870847099 6
14 0.6931935880895123 0.8661649391702367 -0.8734300993466184 6
15 0.6740723784178901 0.8714631314694086 -0.8909722847620936 6
16 0.6141548336696333 0.8762903733419873 -0.9075965037517854 6
17 0.5809386037677161 0.8808565364652976 -0.9239297789883472 6
18 0.5542372889213764 0.8852128279112833 -0.9401066433175627 6
19 0.5514151382213414 0.8895469373222461 -0.9568222373696633 6
20 0.5145456204799772 0.8935912532314637 -0.973022671691529 6
21 0.49431974417311947 0.8974765942508565 -0.9891769753175609 6
22 0.4481526371922382 0.9009990629459814 -1.004360694741202 6
23 0.4344021994248626 0.9044134535387811 -1.01960322915501 6
24 0.3817596539044992 0.9074140750198135 -1.0334550302515892 6
25 0.37448465467660563 0.91035751518602 -1.0474861136938318 6
26 0.32398928427978124 0.9129040629840685 -1.0600021041509777 6
27 0.3204320448956915 0.9154226509681347 -1.0727459313772885 6
28 0.31456710992834946 0.9178951407077482 -1.0856311388445081 6
29 0.31325381812497344 0.9203573080061196 -1.098854068856472 6
30 0.3090660151599097 0.9227865592762864 -1.1123070944303024 6
31 0.28756721977818467 0.925046830544038 -1.125209997930688 6
32 0.2798360637231153 0.9272463351155326 -1.138145124692408 6
33 0.26780382943062087 0.9293512666217134 -1.150895619969023 6
34 0.2646959496650921 0.931431770269451 -1.1638770628458182 6
35 0.26432460039740435 0.9335093551210869 -1.1772394548964769 6
36 0.25470239466067784 0.9355113096725242 -1.1905164428692312 6
37 0.24897368732902017 0.9374682367253715 -1.2038993248833108 6
38 0.2487798656591913 0.9394236403446655 -1.2176968292056087 6
39 0.24115994540721106 0.9413191515783762 -1.231503615650741 6
40 0.2273738943367519 0.9431063047900761 -1.244935858161168 6
41 0.2271117429136204 0.9448913974980441 -1.2587806021007215 6
42 0.22183756954317102 0.9466350353331668 -1.2727437737858058 6
43 0.2196524935505603 0.9483614985247827 -1.2870263692423136 6
44 0.21779362338253655 0.950073351042642 -1.3016675825162431 6
45 0.2004898608727292 0.9516491964131808 -1.3155963035784735 6
46 0.19651408571097015 0.9531937922888291 -1.3296965444489321 6
47 0.18754918377357035 0.954667924255959 -1.343594394253839 6
48 0.166940257347611 0.9559800705687582 -1.3563506580036353 6
49 0.1659452279337084 0.9572843959748611 -1.3694134480642168 6
50 0.1629032712520608 0.9585648116763372 -1.3826306829397044 6
51 0.16200303082124154 0.9598381515101903 -1.3961863065590192 6
52 0.15610791930815673 0.961065155912684 -1.4096615600754203 6
53 0.15032140735381913 0.9622466784736766 -1.4230448332508032 6
54 0.14873776940405553 0.9634157536793722 -1.4367058875258734 6
55 0.14647767074769313 0.9645670645652707 -1.450592867133479 6
56 0.14402897098287834 0.9656991287313031 -1.4646948484009148 6
57 0.13457226755605023 0.9667568634412181 -1.4782980063708877 6
58 0.1331418179419541 0.9678033548523829 -1.4921893789185596 6
59 0.12040676570804495 0.9687497490665173 -1.5051464910050483 6
60 0.11720408863334954 0.9696709703176923 -1.5181414838654128 6
61 0.11596222853008904 0.9705824305790296 -1.531393213004385 6
62 0.11542617724521363 0.9714896774904648 -1.5449978699118903 6
63 0.11294314811907347 0.972377407854099 -1.55873556899279 6
64 0.10943716113927775 0.973237581246387 -1.572474638143507 6
65 0.1073594211512333 0.9740814236535215 -1.5863888570394362 6
66 0.10624126386003965 0.9749164773718755 -1.6006114730036924 6
67 0.1061176062839238 0.9757505591447255 -1.6152982709284596 6
68 0.1059059481112943 0.9765829772895496 -1.6304683228681642 6
69 0.10044497357076573 0.9773724723089304 -1.6453628949529733 6
70 0.09890577887511692 0.9781498692958974 -1.6605459608033655 6
71 0.098782639118224 0.9789262984074069 -1.6762591739294659 6
72 0.09207576201203438 0.9796500116299803 -1.6914358346371752 6
73 0.08160304970635895 0.9802914095916619 -1.7053444360844328 6
74 0.0810199024104298 0.9809282240299544 -1.7196088634260371 6
75 0.0779102601640293 0.9815405967567473 -1.7337823429824555 6
76 0.07612815603906418 0.9821389621889921 -1.7480933101451557 6
77 0.07542446429627615 0.982731796621463 -1.7627528450252556 6
78 0.06997851988890767 0.9832818260649674 -1.7768111607037207 6
79 0.06733120978416889 0.9838110477162234 -1.7907812569969666 6
80 0.06442346029449392 0.9843174145280774 -1.804582336828525 6
81 0.06078543601808434 0.9847951865586844 -1.8180189041554442 6
82 0.06078543601808434 0.9852729585892913 -1.8318844919937372 6
83 0.06052633839897886 0.9857486941189909 -1.8461453383971254 6
84 0.05770068815491488 0.9862022201073377 -1.8601907873619308 6
85 0.05428374079940479 0.9866288889735931 -1.8738325050348867 6
86 0.045787134784158426 0.9869887747257493 -1.8856818037620395 6
87 0.043688363666862844 0.9873321641885937 -1.8972975741809543 6
88 0.042348193383575344 0.9876650199460055 -1.9088615484399234 6
89 0.04208911844721953 0.9879958393807959 -1.9206682022202497 6
90 0.04182488340058052 0.988324581934625 -1.932727559564014 6
91 0.04107553344626691 0.9886474346162616 -1.9449059881528248 6
92 0.03954726958220646 0.9889582751815514 -1.95696308053572 6
93 0.03872198897144197 0.9892626290615586 -1.9691020432826647 6
94 0.03592277598849991 0.9895449811964344 -1.9806751817580808 6
95 0.0353548594956644 0.9898228695216583 -1.9923746574703585 6
