x y yc yclog atom
1 22.42403501838291 0.3695405039339574 -0.20034280948750077 1
2 18.05785843262925 0.6671278961981664 -0.4777225991736677 1
3 17.809385986831636 0.9606205466927306 -1.4047303173315782 1
4 1.6100000000000074 0.9871528015186767 -1.8911915662432262 1
1 22.42403501838291 0.3695405039339574 -0.20034280948750077 2
2 18.05785843262925 0.6671278961981664 -0.4777225991736677 2
3 17.809385986831636 0.9606205466927306 -1.4047303173315782 2
4 1.6100000000000074 0.9871528015186767 -1.8911915662432262 2
1 22.42403501838291 0.3695405039339574 -0.20034280948750077 3
2 18.05785843262925 0.6671278961981664 -0.4777225991736677 3
3 17.809385986831636 0.9606205466927306 -1.4047303173315782 3
4 1.6100000000000074 0.9871528015186767 -1.8911915662432262 3
1 22.42403501838291 0.3695405039339574 -0.20034280948750077 4
2 18.05785843262925 0.6671278961981664 -0.4777225991736677 4
3 17.809385986831636 0.9606205466927306 -1.4047303173315782 4
4 1.6100000000000074 0.9871528015186767 -1.8911915662432262 4
1 17.62584396448866 0.12153309699889264 -0.056274596279963056 5
2 17.383315949583523 0.24139392339220186 -0.11998368282138311 5
3 14.56226257555069 0.34180312216211106 -0.18164418211607913 5
4 14.096021159328528 0.43899750958018985 -0.2510352108059055 5
5 12.17501709710221 0.5229462576121384 -0.3214326928513733 5
6 8.556216817371157 0.5819427817220858 -0.3787642735318082 5
7 5.593430689065357 0.6205104075254431 -0.4208001301580906 5
8 4.8311586298775735 0.6538220419393691 -0.4607005880995318 5
9 3.225192813187789 0.6760602775549227 -0.4895357942529826 5
10 2.967983155099614 0.6965250102171731 -0.5178770945289961 5
11 2.9111804249834417 0.7165980787002263 -0.5475972098152295 5
12 2.3675017430155547 0.73292239313071 -0.5733625238872527 5
13 2.3135968984723045 0.7488750247802849 -0.6001100930986134 5
14 2.1508895114676885 0.7637057621995972 -0.6265468688119853 5
15 2.0448588912310295 0.777805401029813 -0.6532665019475933 5
16 1.776828582237334 0.79005692673664 -0.6778984496429783 5
17 1.6685675167044167 0.8015619745667127 -0.7023751030815988 5
18 1.6131140704362465 0.8126846617519384 -0.727426659123652 5
19 1.5714825148673546 0.8235202925050658 -0.7533052247216615 5
20 1.4487150887554001 0.8335094216361416 -0.7786103380156811 5
21 1.393279079617456 0.8431163103542552 -0.8044222053299193 5
22 1.3293457202249348 0.852282368029942 -0.8305676630477306 5
23 1.0550012934352406 0.8595567757001419 -0.8524992085461749 5
24 0.9180565031627592 0.865886926487482 -0.8725288845078394 5
25 0.8678207221570432 0.8718706932912762 -0.8923515237590016 5
26 0.7609284589972776 0.8771174203361118 -0.9105096801085254 5
27 0.7052023871106513 0.8819799069375613 -0.9280440472424556 5
28 0.6664142841157447 0.8865749431807088 -0.9452909945058652 5
29 0.5812257120416457 0.8905825901893926 -0.9609135702958449 5
30 0.5662701172168919 0.8944871159086686 -0.9766945057869014 5
31 0.5380654242043832 0.8981971656244911 -0.992240130285046 5
32 0.5016627989910012 0.9016562132441878 -1.007253073089879 5
33 0.4987716105376785 0.9050953256433386 -1.0227123966632181 5
34 0.4332962532943967 0.9080829746709245 -1.036604038976778 5
35 0.4186610354565464 0.9109697114611917 -1.0504622191139257 5
36 0.4084453188063552 0.9137860092026925 -1.0644222511935602 5
37 0.3812156308859315 0.9164145537614267 -1.0778693346245538 5
38 0.36452626881824424 0.9189280224200729 -1.0911292331554774 5
39 0.35398594296550784 0.9213688137960404 -1.1044051726620054 5
40 0.3527862682440258 0.9238013332172244 -1.1180526272686544 5
41 0.32675625504508415 0.9260543714104252 -1.1310874948995497 5
42 0.31800876969332387 0.9282470942514706 -1.1441605067890999 5
43 0.29952656712466047 0.9303123792619046 -1.1568443628291527 5
44 0.2944998413167523 0.9323430041700234 -1.1696872900749309 5
45 0.2722968792042368 0.9342205359976907 -1.1819096696461246 5
46 0.2514736208691289 0.9359544880296798 -1.1935112983129892 5
47 0.24506719128381357 0.9376442666745805 -1.2051236089517687 5
48 0.2405257719077743 0.9393027314849404 -1.2168308525084113 5
49 0.24052577190692462 0.9409611962952946 -1.2288624511462085 5
50 0.21384472445546013 0.9424356908892731 -1.2398467033913747 5
51 0.20849516354088599 0.9438732993797071 -1.2508304868114322 5
52 0.19519854542464188 0.9452192254983618 -1.261371831895677 5
53 0.1905045848517738 0.9465327859858012 -1.271912444846402 5
54 0.1800814678185633 0.947774477364676 -1.2821172052202907 5
55 0.1516762178740012 0.9488203098670199 -1.2909023478733013 5
56 0.1487006173728998 0.9498456251138464 -1.2996911781760347 5
57 0.1393521128740134 0.9508064808825142 -1.308092108551903 5
58 0.13737980627752402 0.9517537372723729 -1.3165363225197952 5
59 0.13656179146490796 0.9526953533153769 -1.325096196886432 5
60 0.12843571518524532 0.9535809387241199 -1.3333036464485524 5
61 0.1273286122578862 0.9544588904758459 -1.3415963928173227 5
62 0.12553427757283256 0.9553244699944031 -1.3499302865639915 5
63 0.12442296555691615 0.9561823868335845 -1.3583512830255868 5
64 0.1186577028595436 0.9570005512369655 -1.3665371118787117 5
65 0.11795116700685794 0.9578138439592806 -1.3748300452831912 5
66 0.11722712099776184 0.958622144265117 -1.3832320189055882 5
67 0.11664450909227474 0.9594264273659127 -1.3917567495804315 5
68 0.11540712531600225 0.9602221785017817 -1.4003590054551693 5
69 0.11228413964892434 0.9609963961371406 -1.4088952630903422 5
70 0.11012304270730489 0.9617557126531681 -1.4174334274132026 5
71 0.10997628434773912 0.9625140172461362 -1.4261310989572469 5
72 0.10746661882847057 0.963255017282023 -1.4348019525431173 5
73 0.10505203505550352 0.9639793683651289 -1.4434486759380851 5
74 0.10014531374093251 0.9646698867966651 -1.4518549710139257 5
75 0.0969820706500832 0.9653385941461241 -1.4601538264403775 5
76 0.0880064878329407 0.9659454133738379 -1.4678243870614882 5
77 0.08649752247169583 0.9665418280368687 -1.4754977910488345 5
78 0.07614762704391408 0.9670668784663636 -1.4823671031604384 5
79 0.07601297429330844 0.9675910004429664 -1.4893343751253296 5
80 0.07586766192494901 0.9681141204668575 -1.496401599027292 5
81 0.07016943487442784 0.9685979502767738 -1.5030420030594844 5
82 0.06961433142752287 0.9690779525570016 -1.5097317578404694 5
83 0.06654848991117883 0.9695368153550498 -1.5162246971446778 5
84 0.06552842611492121 0.9699886446452247 -1.522714390786137 5
85 0.06545019166794973 0.9704399344960032 -1.5292946078958574 5
86 0.06539528103797602 0.9708908457289445 -1.535970412244094 5
87 0.06117623064842918 0.9713126659145991 -1.5423098088747669 5
88 0.06077517797738189 0.9717317207760361 -1.548700627530379 5
89 0.05695718025888234 0.9721244499144043 -1.5547765536556535 5
90 0.0566081988838715 0.9725147727687169 -1.5609006681985442 5
91 0.05610016428681405 0.9729015926408127 -1.5670562329426396 5
92 0.05581316691334057 0.9732864336187517 -1.5732681278415233 5
93 0.0527381298693355 0.9736500717098333 -1.5792205623575932 5
94 0.05229945233677044 0.9740106850470805 -1.585205167828265 5
95 0.051425150596246215 0.974365269929835 -1.5911712512547902 5
96 0.0496612714006089 0.974707692575036 -1.597011548029385 5
97 0.04851907947978867 0.975042239618831 -1.6027943892516237 5
98 0.04765061212905751 0.975370798437212 -1.6085496670279646 5
99 0.04559769912889644 0.9756852020823551 -1.6141293355392097 5
100 0.04496625324831814 0.9759952518041564 -1.6197028453177769 5
101 0.044300029090241916 0.9763007078006649 -1.6252646243913016 5
102 0.04312225425818461 0.9765980428457347 -1.6307478201217456 5
103 0.043001771921344585 0.976894547145249 -1.6362855151179185 5
104 0.042893439328169115 0.9771903044736918 -1.6418805118354416 5
105 0.042075123215110366 0.9774804193777636 -1.6474397015269298 5
106 0.04126133490476818 0.9777649230774098 -1.652961363764016 5
107 0.038352931713631654 0.9780293728580578 -1.6581575461565232 5
108 0.0372455586526656 0.9782861871190732 -1.6632639090305439 5
109 0.03662933071327872 0.9785387523869578 -1.6683450346668864 5
110 0.03576667617536209 0.9787853695097297 -1.6733645282355307 5
111 0.035236651758069955 0.9790283320268526 -1.6783670267246404 5
112 0.03520564145486295 0.9792710807228279 -1.6834233396907732 5
113 0.03501576978065014 0.9795125202223386 -1.6885114620952404 5
114 0.034712291816272986 0.9797518671913042 -1.6936150192773725 5
115 0.03370409150591873 0.979984262453086 -1.6986284022287075 5
116 0.03322752286951624 0.9802133716956317 -1.7036282044576534 5
117 0.033193451375025856 0.9804422460096115 -1.7086810209997223 5
118 0.03301534885080941 0.9806698922773547 -1.7137657257324361 5
119 0.03267398617566487 0.9808951847932323 -1.7188571587119887 5
120 0.032398139028521455 0.9811185752976003 -1.7239652390079516 5
121 0.03155642475832271 0.9813361620434501 -1.7289990448359125 5
122 0.030111320593259782 0.9815437845580824 -1.7338573488787128 5
123 0.030083986240769918 0.9817512185978527 -1.7387661310975286 5
124 0.029981025962704612 0.9819579427095488 -1.743713942462114 5
125 0.0290552512982058 0.9821582834524638 -1.748563364575357 5
126 0.027769833453018387 0.9823497610276364 -1.7532494101811864 5
127 0.027548655010854694 0.9825397135410234 -1.7579486353995055 5
128 0.025861364146903622 0.9827180319060175 -1.762406800995691 5
129 0.025722495764596967 0.982895392750645 -1.7668868934985702 5
130 0.024985989428449606 0.9830676752627868 -1.7712834109854503 5
131 0.02459981617452688 0.9832372950467425 -1.7756558991015903 5
132 0.024541653443062725 0.9834065137890857 -1.7800623612266804 5
133 0.024406411090492918 0.9835748000131345 -1.784489333934793 5
134 0.024089321430336843 0.9837408998517537 -1.7889034938874184 5
135 0.02398053766349245 0.9839062496083847 -1.793342738710863 5
136 0.02344603605346723 0.9840679138883854 -1.7977273549304245 5
137 0.023141527877515233 0.9842274785343625 -1.8020988728678304 5
138 0.022456147096076715 0.9843823173669738 -1.8063834067168707 5
139 0.02242332384671143 0.9845369298778749 -1.8107042746657573 5
140 0.02233698056238848 0.9846909470376103 -1.8150516744832936 5
141 0.022180581919448744 0.9848438858029448 -1.8194121310980156 5
142 0.022099711180081277 0.9849962669512126 -1.8238006715587667 5
143 0.0213619439598257 0.985143561072991 -1.828085278037661 5
144 0.02082297276181659 0.9852871388995942 -1.83230286504984 5
145 0.020712472885123862 0.9854299548113489 -1.83653910127384 5
146 0.020250813089999393 0.9855695875027839 -1.8407212543046851 5
147 0.020218884696670106 0.9857090000426884 -1.8449373820733515 5
148 0.01986065826363947 0.9858459425523395 -1.849119046038142 5
149 0.019277852300143294 0.9859788665188878 -1.853216876191451 5
150 0.019189798427556467 0.9861111833394829 -1.8573347549607386 5
151 0.019096270731015448 0.9862428552712068 -1.8614716938042446 5
152 0.0190582423694646 0.986374264991115 -1.865640061404112 5
153 0.01845074081533278 0.9865014858877557 -1.8697140350878858 5
154 0.018338058213258932 0.9866279298192969 -1.8738013527635775 5
155 0.017556624093296343 0.9867489856338839 -1.8777508751803826 5
156 0.01746345753059463 0.9868693990496771 -1.881715397030347 5
157 0.01722503834469864 0.9869881685259175 -1.8856615702249526 5
158 0.017193759772542637 0.9871067223312514 -1.8896366642989395 5
159 0.0169356363293724 0.9872234963329333 -1.8935879760558423 5
160 0.016898009110827786 0.9873400108887465 -1.8975666678514074 5
161 0.0167813968318918 0.9874557213836911 -1.9015543085992286 5
162 0.016707346507816287 0.9875709212894556 -1.9055610616846042 5
163 0.016650668540666165 0.9876857303913021 -1.909591342194272 5
164 0.016649045831817366 0.9878005283043038 -1.9136589762606466 5
165 0.01645723172984776 0.9879140036274818 -1.917717540436361 5
166 0.01629114783291991 0.9880263337748376 -1.9217728523027895 5
167 0.01618975401986048 0.9881379647951535 -1.9258407913760367 5
168 0.016030814078190892 0.9882484998983951 -1.92990669132707 5
169 0.015923449759036246 0.988358294706974 -1.9339833989725081 5
170 0.015838949853330012 0.9884675068747865 -1.9380767956126257 5
171 0.015725948020131518 0.9885759398763483 -1.9421795199147618 5
172 0.015709892984961584 0.9886842621757985 -1.9463171233237082 5
173 0.015231572618172802 0.9887892863775433 -1.9503667413362669 5
174 0.014850596265999555 0.9888916836845956 -1.954351761971945 5
175 0.01471243946210688 0.9889931283777316 -1.9583360988524134 5
176 0.01457640527224236 0.9890936350927244 -1.9623199756969707 5
177 0.014571750593229054 0.9891941097129389 -1.9663394461958446 5
178 0.014516259710890631 0.9892942017143805 -1.9703809436788788 5
179 0.014421091242053695 0.9893936375135558 -1.9744335343763915 5
180 0.014380115875370214 0.9894927907808297 -1.9785126200003469 5
181 0.014216895909919666 0.9895908186195602 -1.9825834237975568 5
182 0.014214442176065396 0.989688829539392 -1.9866920334816316 5
183 0.013984611332303061 0.9897852557377043 -1.9907725019501914 5
184 0.013846136670508389 0.9898807271304176 -1.9948506930370684 5
185 0.013714985939252175 0.9899752942172393 -1.9989283647225993 5
1 18.05785843262925 0.12040597060920705 -0.05571772725512259 6
2 17.80938598683164 0.2391551796418671 -0.11870391160578023 6
3 16.900746831299447 0.3518457754749854 -0.18832164398906573 6
4 14.597515093022785 0.44917891050953923 -0.2589894401035796 6
5 7.887943079704003 0.5017740422171728 -0.30257364928412334 6
6 6.698093533937912 0.5464355094777522 -0.3433609536167001 6
7 5.785278155581914 0.5850105173706267 -0.38196290977925 6
8 3.8669186575206442 0.6107943109451914 -0.40982082023551225 6
9 3.558531257645287 0.6345218427352165 -0.4371385734608087 6
10 3.4904263257521664 0.6577952652819745 -0.4657139858887624 6
11 3.2684870630265115 0.6795888438901795 -0.49429237101293705 6
12 2.823058040578365 0.6984123962361081 -0.5205865133578959 6
13 2.7739398947257716 0.7169084392016762 -0.5480730771320675 6
14 2.578858153270846 0.7341037184850144 -0.5752877361126407 6
15 2.156804173258517 0.7484848313320359 -0.5994358178838302 6
16 2.1483384319889347 0.7628094964115498 -0.6249027028359962 6
17 2.0005671708352253 0.7761488540586381 -0.6500406780295368 6
18 1.931692645412708 0.7890289709760083 -0.6757771788201502 6
19 1.7348260321667226 0.8005964230645526 -0.7002670555058381 6
20 1.6684418048480438 0.8117212392030329 -0.7251986687721211 6
21 1.6100000000000079 0.8224563777801824 -0.7506949239508697 6
22 1.5938494426794168 0.8330838278660682 -0.7775015834629214 6
23 1.5325348113158759 0.8433024449926406 -0.8049377798881183 6
24 1.2649179201354017 0.8517366494406986 -0.8289661896117291 6
25 1.0993661438668227 0.85906698975215 -0.8509872716926236 6
26 1.0869950338871497 0.8663148421257226 -0.8739168067328306 6
27 1.0392091528122085 0.8732440683779471 -0.8970317084407727 6
28 0.9882170989897463 0.879833290428856 -0.9202158306031238 6
29 0.7795790327893215 0.885031358098939 -0.9394205988327399 6
30 0.69724549469552 0.8896804431969823 -0.9573474915601836 6
31 0.6968738553969039 0.8943270502829936 -0.976036169666235 6
32 0.6443295249451201 0.8986233029163071 -0.9940618624684422 6
33 0.5972754620854094 0.9026058090369393 -1.011466945666796 6
34 0.5938859176176218 0.9065657143938604 -1.0294937306513043 6
35 0.501963219862095 0.9099126986956315 -1.045336422806918 6
36 0.43705710377557505 0.9128269027795809 -1.0596175234551806 6
37 0.42298116168798344 0.9156472514666892 -1.0739007618786167 6
38 0.3812838847197005 0.9181895715534593 -1.0871913329042717 6
39 0.35309731758301255 0.9205439495879147 -1.0998730265807817 6
40 0.3015100469146702 0.9225543546413507 -1.1110029968831836 6
41 0.28838387311242164 0.9244772371514606 -1.1219221306283276 6
42 0.28838387311242164 0.9264001196615705 -1.13312289175492 6
43 0.2761846154727292 0.928241660108761 -1.144127617126924 6
44 0.27249838572270324 0.9300586215576943 -1.1552658126331836 6
45 0.25639402129011 0.9317682025197451 -1.1660131876315183 6
46 0.24466823149362438 0.9333995984020496 -1.176523152042192 6
47 0.235362338606528 0.9349689445640267 -1.1868791974560475 6
48 0.23403775865337356 0.9365294587077717 -1.1974277979011778 6
49 0.2331548194814523 0.9380840856003579 -1.208197708853441 6
50 0.22840982731151083 0.9396070738913963 -1.2190139278012901 6
51 0.19185310860188093 0.9408863097344385 -1.2283119282852741 6
52 0.16848867845717427 0.9420097565120277 -1.236645067743235 6
53 0.1679860550263071 0.9431298519031682 -1.2451156407903314 6
54 0.16451134255046715 0.9442267786483808 -1.2535742707885262 6
55 0.15247510908056763 0.9452434503412664 -1.2615639256107762 6
56 0.15032640603590955 0.9462457949379125 -1.2695875562713745 6
57 0.14209175664394258 0.9471932326386847 -1.2773104176301047 6
58 0.1398536008953926 0.9481257467915578 -1.2850481424203273 6
59 0.13856891040100797 0.9490496949006506 -1.2928532110183566 6
60 0.13837001132784296 0.9499723167929027 -1.300789608922927 6
61 0.13187156171208764 0.9508516084012036 -1.308490690063727 6
62 0.13169581961856702 0.9517297281984934 -1.3163202557377172 6
63 0.1310162997415915 0.9526033171013452 -1.32425205176937 6
64 0.1306480715598698 0.9534744507367692 -1.3323084910487335 6
65 0.12590360251998417 0.9543139492587658 -1.3402163822248552 6
66 0.11968475601660208 0.9551119818310704 -1.3478695685189932 6
67 0.11949427536044521 0.9559087443187538 -1.3556475326622048 6
68 0.11284336813670176 0.9566611599674867 -1.363122716786858 6
69 0.10822217152028703 0.9573827624571701 -1.370414704757614 6
70 0.10161391998152206 0.9580603025269646 -1.377374706590399 6
71 0.09118624269800024 0.9586683130559662 -1.3837168687194081 6
72 0.08809190977059111 0.9592556912292041 -1.3899330456247132 6
73 0.08342647134410391 0.9598119612483851 -1.3959031876406258 6
74 0.08239268614544605 0.9603613382070901 -1.4018810157852757 6
75 0.08185238697912087 0.9609071125655319 -1.407902251017111 6
76 0.08177738754155173 0.9614523868436287 -1.4140025080179275 6
77 0.08116847755756296 0.96199360103908 -1.4201432770816678 6
78 0.07969134414033152 0.962524966022152 -1.4262579647135665 6
79 0.07713013388417155 0.963039253398376 -1.432259264678917 6
80 0.07205712189876977 0.9635197150064838 -1.4379417775084242 6
81 0.07125322936855609 0.9639948164296769 -1.4436349705124136 6
82 0.0711642208222087 0.9644693243627586 -1.4493965340604644 6
83 0.07083379642423918 0.9649416290960255 -1.4552082686145111 6
84 0.07069755356105709 0.9654130253907729 -1.4610874249177508 6
85 0.06787169422479314 0.965865579454729 -1.4668074651904284 6
86 0.06691847246775567 0.9663117776381529 -1.4725219049823393 6
87 0.06661884854791922 0.9667559779928186 -1.47828643886335 6
88 0.06453745896430681 0.9671863000831286 -1.4839447978709843 6
89 0.061180575197068675 0.9675942391843525 -1.4893777778164874 6
90 0.05824112150437443 0.9679825786317053 -1.494613648388492 6
91 0.056521069132912806 0.9683594491346063 -1.4997559639948987 6
92 0.05624555407418351 0.9687344825615224 -1.5049343794312258 6
93 0.055742301846218124 0.969106160409304 -1.5101281127595503 6
94 0.05460292093987522 0.9694702411068238 -1.515276625500768 6
95 0.05194478404444206 0.9698165979112194 -1.5202318107793371 6
96 0.050304028495367574 0.9701520145055589 -1.525084975026116 6
97 0.049410155571884835 0.970481470944803 -1.5299052877408499 6
98 0.04881838465348113 0.9708069815810563 -1.5347209987112154 6
99 0.047057612960100595 0.971120751765054 -1.5394141162154193 6
100 0.04564844658450977 0.9714251259264928 -1.5440156748189953 6
101 0.044865755144517024 0.9717242812673902 -1.5485863470518704 6
102 0.04476785228537573 0.9720227838127844 -1.553195501233688 6
103 0.04474993561403406 0.9723211668936138 -1.5578522229631013 6
104 0.04391757347607119 0.972613999960221 -1.562471395548494 6
105 0.04264614136070734 0.9728983553871079 -1.5670043539731178 6
106 0.04251892242777818 0.9731818625451287 -1.571571387601506 6
107 0.04215850566414315 0.9734629665206007 -1.5761476276484974 6
108 0.04064460714567588 0.973733976141795 -1.5806056655898981 6
109 0.03979804739262209 0.9739993410820805 -1.5850156458449365 6
110 0.039427481793666556 0.9742622351695358 -1.5894291716486082 6
111 0.039222644267108066 0.9745237634438028 -1.5938647271841564 6
112 0.03683433036339048 0.9747693669474347 -1.5980718526220705 6
113 0.03672444881128579 0.9750142377841792 -1.6023073974290865 6
114 0.035507519497244115 0.9752509943943243 -1.6064422459685392 6
115 0.03459773150163466 0.9754816847310479 -1.6105093748768966 6
116 0.0338773870404964 0.9757075719636638 -1.614529075146167 6
117 0.03232147027200034 0.9759230846732209 -1.6183991545558796 6
118 0.032143155254317414 0.9761374084160545 -1.6222823917852498 6
119 0.03170479448811229 0.9763488092622594 -1.6261469894795637 6
120 0.03066855902585988 0.9765533007101501 -1.629918286471241 6
121 0.02988275682848216 0.9767525525956291 -1.6336247261742673 6
122 0.029538743725696693 0.9769495106746913 -1.6373198507938218 6
123 0.02942477646525109 0.9771457088442292 -1.6410322441585623 6
124 0.028935912221090657 0.9773386473706577 -1.644714171174859 6
125 0.02791670420448135 0.9775247900341684 -1.6482962423499672 6
126 0.027762689935885914 0.977709905763197 -1.6518880954301705 6
127 0.02712741770727247 0.9778907856317236 -1.655426689424196 6
128 0.02691686694758359 0.9780702615924349 -1.6589665488436167 6
129 0.02652108763070641 0.9782470985805917 -1.6624828083001306 6
130 0.025543842293120535 0.9784174195040759 -1.6658966306382592 6
131 0.02520560921328359 0.9785854851611105 -1.6692917604072641 6
132 0.02520560921328359 0.9787535508181454 -1.672713641123392 6
133 0.024998626323518923 0.978920236357165 -1.6761342629655618 6
134 0.02498436645682914 0.9790868268144173 -1.6795800660616667 6
135 0.024716091688848252 0.9792516284724083 -1.6830159839800567 6
136 0.023248639568789222 0.9794066454708561 -1.6862729037542872 6
137 0.022850315397171903 0.9795590065281978 -1.6894980004729139 6
138 0.022743481845321684 0.9797106552420715 -1.69273197823087 6
139 0.022304765670424033 0.9798593786895266 -1.6959271361881527 6
140 0.022279280643959783 0.9800079322082298 -1.6991422842154498 6
141 0.021770591831973593 0.9801530938978091 -1.702307184995133 6
142 0.021770591831973593 0.9802982555873885 -1.7054953192581273 6
143 0.021759815428317293 0.9804433454221936 -1.7087054349604769 6
144 0.021678178127377212 0.9805878909167883 -1.7119272769021987 6
145 0.021118928553640618 0.9807287074538221 -1.7150891557728185 6
146 0.02046407035713097 0.9808651575352731 -1.7181751089284532 6
147 0.020251629304530682 0.9810001911048367 -1.7212507672678787 6
148 0.019893439651999814 0.9811328363417561 -1.7242933833623062 6
149 0.019640201355702793 0.9812637930394186 -1.727318325018186 6
150 0.019220511034479842 0.9813919513310204 -1.7302991667255994 6
151 0.01880818464453076 0.9815173603176933 -1.7332360029431988 6
152 0.018723878628699307 0.9816422071697313 -1.736179535512601 6
153 0.018240843519371008 0.9817638332460942 -1.7390664452060907 6
154 0.017675229318841374 0.9818816879269145 -1.7418822642469596 6
155 0.017491739707248162 0.9819983191379164 -1.7446869418385689 6
156 0.017482113633575592 0.9821148861643001 -1.7475082912958906 6
157 0.017290497038713958 0.9822301755318643 -1.7503168621719964 6
158 0.017073971420950337 0.9823440211525264 -1.7531082001472051 6
159 0.01689672357155218 0.9824566849221168 -1.7558883366259292 6
160 0.016674281629073813 0.9825678654960065 -1.758649431791355 6
161 0.016601142110585543 0.9826785583910974 -1.7614159658557804 6
162 0.01627606776303403 0.9827870837593751 -1.764145544552255 6
163 0.01626356300555699 0.9828955257485819 -1.7668902703954386 6
164 0.015883412080147676 0.9830014329720342 -1.769587687920409 6
165 0.015693212059020308 0.9831060719820803 -1.7722693606024613 6
166 0.01554809930614544 0.9832097434110634 -1.774942666916876 6
167 0.01509643245496544 0.9833104032212651 -1.77755415576448 6
168 0.015070787615151402 0.9834108920371132 -1.7801769664296254 6
169 0.014747132656504 0.9835092227903326 -1.7827588755916464 6
170 0.014594040122628294 0.9836065327550014 -1.7853291827248692 6
171 0.014484830273055173 0.9837031145315527 -1.7878953865843972 6
172 0.014401912541222469 0.9837991434302522 -1.7904620228845052 6
173 0.014389710785063316 0.9838950909702291 -1.793041723994249 6
174 0.014145817381926655 0.9839894122807147 -1.795592725634872 6
175 0.014089595210136084 0.9840833587136817 -1.7981485713163807 6
176 0.014057967212782824 0.9841770942578695 -1.8007137590246232 6
177 0.014041575982863791 0.9842707205088121 -1.8032911705851016 6
178 0.01384123857989321 0.9843630109524361 -1.8058468680226742 6
179 0.013769438920906167 0.98445482265116 -1.808404318896877 6
180 0.01371914239959485 0.9845462989833459 -1.8109674943216985 6
181 0.013569659157394744 0.9846367785929727 -1.8135177105669904 6
182 0.013554543013762351 0.9847271574113592 -1.8160801243273952 6
183 0.013489386613184651 0.9848171017806844 -1.8186453193156682 6
184 0.013478183809152791 0.9849069714520878 -1.8212236065016643 6
185 0.01341413717251665 0.9849964140741001 -1.823804930163694 6
186 0.013242327011518014 0.9850847111023936 -1.826368330272338 6
187 0.01303909246211774 0.9851716530058104 -1.828907259714328 6
188 0.012902203062988579 0.9852576821597432 -1.8314342297675577 6
189 0.012438563559969985 0.9853406198637911 -1.8338843932089066 6
190 0.012428682736089734 0.9854234916846005 -1.8363464952884865 6
191 0.012218027096494988 0.9855049588982777 -1.8387805488342768 6
192 0.012183894850321494 0.9855861985253757 -1.8412214638964544 6
193 0.012169466875490104 0.9856673419497971 -1.8436732604409534 6
194 0.012161320724863482 0.9857484310574135 -1.84613732192916 6
195 0.012130301257365125 0.9858293133337989 -1.8486091047196063 6
196 0.012130301257365125 0.9859101956101841 -1.8510950362031535 6
197 0.012127991702714648 0.9859910624869489 -1.8535948018817399 6
198 0.011954956256840487 0.986070775600055 -1.8560730650693391 6
199 0.011661609214479491 0.986148532737291 -1.858504220076298 6
200 0.01165578372119613 0.9862262510313733 -1.8609478364467984 6
201 0.011641378546436454 0.9863038732748048 -1.863402234282112 6
202 0.011641378546436446 0.9863814955182366 -1.865870581922401 6
203 0.011604603874360424 0.9864588725559535 -1.8683451744733663 6
204 0.011586060177710768 0.9865361259482336 -1.870829959634631 6
205 0.01146298994742332 0.9866125587343169 -1.873302421522976 6
206 0.011437664284715815 0.986688822654252 -1.8757835303894388 6
207 0.011143892386839547 0.9867631277654703 -1.8782146230351284 6
208 0.01108031443820895 0.9868370089524097 -1.8806454140757107 6
209 0.010960457682502362 0.9869100909599193 -1.8830633712894498 6
210 0.010743437619331804 0.9869817259236701 -1.8854465894092283 6
211 0.010691819670775721 0.987053016709886 -1.8878314125155227 6
212 0.010684944699778372 0.9871242616552532 -1.8902278574436517 6
213 0.010677820582498 0.9871954590985172 -1.892635988263653 6
214 0.010599992224589943 0.9872661375987953 -1.895039847319703 6
215 0.010523475130696094 0.9873363058993179 -1.8974395886692552 6
216 0.010517043802930425 0.9874064313171107 -1.8998511849301627 6
217 0.01050397740433085 0.9874764696109284 -1.9022732260486284 6
218 0.010487416334876654 0.9875463974790472 -1.904704999680269 6
219 0.01047718526611916 0.9876162571285692 -1.9071480739962952 6
220 0.01047718526611916 0.987686116778091 -1.909604969334843 6
221 0.010169092707515821 0.9877539221317675 -1.9120029833752021 6
222 0.0101564197080466 0.9878216429845709 -1.9144112985063182 6
223 0.010054892883223674 0.9878886868780367 -1.9168087676161265 6
224 0.009999308151554418 0.9879553601442991 -1.9192061812214807 6
225 0.009900815060952839 0.9880213766795202 -1.9215930916858122 6
226 0.009676890366398794 0.9880859001323643 -1.9239387638324967 6
227 0.009648431933621143 0.9881502338304139 -1.9262902194648814 6
228 0.009570290523945885 0.9882140464981147 -1.92863527662238 6
229 0.009511842722329989 0.9882774694482688 -1.930978626711869 6
230 0.009482356645353955 0.9883406957915147 -1.93332736616635 6
231 0.009352989463564432 0.9884030595418265 -1.9356565726173474 6
232 0.009276871023828324 0.9884649157505241 -1.9379792291490539 6
233 0.009251153366936266 0.9885266004793393 -1.9403078833787761 6
234 0.00922264848231086 0.9885880951436287 -1.9426418578110676 6
235 0.009058192502573875 0.9886484932503203 -1.9449464882822904 6
236 0.008918301864899886 0.9887079585959058 -1.947227538111313 6
237 0.008636603643560921 0.9887655456374894 -1.949448015644071 6
238 0.00853626910978334 0.9888224636696791 -1.9516539098712693 6
239 0.008358124915250988 0.9888781938741574 -1.9538246797689747 6
240 0.008345213426166391 0.9889338379875648 -1.9560029758540614 6
241 0.008333544794257389 0.988989404297009 -1.9581891838871717 6
242 0.008279666554105418 0.9890446113577736 -1.9603722112406086 6
243 0.008215569944194909 0.9890993910359359 -1.9625492394588946 6
244 0.008190102226230237 0.9891540009007554 -1.9647304359685276 6
245 0.00807836518836058 0.989207865726702 -1.9668926599086505 6
246 0.008044219052345815 0.9892615028734548 -1.9690564947369182 6
247 0.008044219052345815 0.9893151400202074 -1.9712311646933474 6
248 0.008037707641894496 0.9893687337502561 -1.9734150052297215 6
249 0.007884713017161482 0.9894213073445915 -1.9755680003182314 6
250 0.00783729557824532 0.9894735647695002 -1.9777186774218436 6
251 0.007702916763175957 0.9895249261849666 -1.9798429079942446 6
252 0.007683929994137096 0.9895761610006835 -1.9819723051090168 6
253 0.007633500383052183 0.9896270595624478 -1.9840981158590663 6
254 0.007569945983806629 0.9896775343569557 -1.9862165539423484 6
255 0.007477562076600723 0.9897273931551616 -1.9883193329687496 6
256 0.00746069559705831 0.9897771394912588 -1.9904275651271317 6
257 0.00737294738581596 0.9898263007408916 -1.9925211045305096 6
258 0.007297584993008681 0.9898749594900709 -1.9946032305129493 6
259 0.007239571549364216 0.9899232314179103 -1.9966787151089616 6
260 0.007230907177525855 0.9899714455735558 -1.998761664174394 6
1 18.05785843262925 0.1210424624592753 -0.0560321051960709 7
2 17.809385986831636 0.24041940534407677 -0.11942613890803656 7
3 16.900746831299436 0.35370570789725386 -0.1895696796323746 7
4 14.597515093022775 0.4515533668119576 -0.260865625226066 7
5 7.887943079703996 0.5044265276946878 -0.30489194914780215 7
6 6.698093533937902 0.5493240850742173 -0.34613565092464366 7
7 5.785278155581909 0.5881030087531272 -0.3852113803903971 7
8 3.8669186575206425 0.6140231010045017 -0.41343868739820877 7
9 3.558531257645286 0.6378760616294108 -0.44114276499624744 7
10 3.4904263257521655 0.6612725124919514 -0.4701495592198911 7
11 3.268487063026511 0.6831812966426869 -0.49918918779874943 7
12 2.8230580405783634 0.702104354333715 -0.5259358448108897 7
13 2.7739398947257703 0.7206981713593777 -0.5539262208835569 7
14 2.578858153270845 0.7379843485862989 -0.5816727654757413 7
15 2.156804173258515 0.7524414830880252 -0.6063221277681833 7
16 2.148338431988933 0.7668418714272075 -0.632349439172507 7
17 2.0005671708352253 0.7802517437870178 -0.6580745625344373 7
18 1.9316926454127057 0.7931999477718676 -0.6844493558953736 7
19 1.7348260321667208 0.8048285478993602 -0.709583706658391 7
20 1.6684418048480425 0.8160121722079821 -0.7352109079557937 7
21 1.6100000000000079 0.8268040590358965 -0.761462290364563 7
22 1.5938494426794154 0.8374876881080272 -0.789113731397739 7
23 1.5325348113158743 0.8477603230419154 -0.8174721462624845 7
24 1.2649179201354013 0.85623911250819 -0.8423592548222454 7
25 1.0993661438668216 0.8636082025746814 -0.8652117472751292 7
26 1.0869950338871484 0.870894368654318 -0.8890548142090484 7
27 1.0392091528122074 0.8778602242864189 -0.9131428818384626 7
28 0.9882170989897456 0.884484278381889 -0.9373589045394506 7
29 0.7795790327893214 0.8897098241553532 -0.9574631708460956 7
30 0.6972454946955193 0.8943834853168607 -0.9762681682133175 7
31 0.6968738553969037 0.899054655367032 -0.9959137049207669 7
32 0.6443295249451196 0.903373618915536 -1.0149042856420507 7
33 0.5972754620854089 0.9073771774198316 -1.0332819884866542 7
34 0.5938859176176213 0.9113580156879195 -1.052360530524703 7
35 0.4370571037755747 0.9142876248812624 -1.0669564702847154 7
36 0.4229811616879832 0.9171228825379559 -1.0815653624745474 7
37 0.3812838847197003 0.9196786418753488 -1.0951689568094247 7
38 0.35309731758301244 0.9220454656583276 -1.108158618354621 7
39 0.30151004691467015 0.9240664981451489 -1.1195665711326293 7
40 0.2761846154727289 0.9259177733711071 -1.1302859728959262 7
41 0.27249838572270313 0.9277443396689385 -1.14112812567513 7
42 0.25639402129010996 0.9294629578435453 -1.1515827556419178 7
43 0.24677979090949761 0.9311171314925587 -1.1618887757382927 7
44 0.24466823149362418 0.9327571512842762 -1.1723538961351148 7
45 0.2353623386065279 0.9343347933475028 -1.1826646846465925 7
46 0.23403775865337345 0.9359035567045498 -1.193166068765354 7
47 0.23315481948145214 0.9374664016891627 -1.203886580409709 7
48 0.22840982731151074 0.9389974408237771 -1.214651945107298 7
49 0.21314867079027322 0.9404261838875592 -1.224944579463133 7
50 0.19893775291671215 0.9417596706672342 -1.2347761778743032 7
51 0.1918531086018808 0.9430456688260012 -1.2444732437807688 7
52 0.16848867845717416 0.9441750543848179 -1.253171691347215 7
53 0.16798605502630698 0.9453010708410363 -1.2620211757672142 7
54 0.16451134255046695 0.9464037961768829 -1.2708659699538303 7
55 0.15454940674821016 0.9474397463054219 -1.2793425472175024 7
56 0.1524751090805675 0.9484617923434787 -1.2878706889752114 7
57 0.15032640603590944 0.9494694355491848 -1.2964458504555123 7
58 0.14209175664394247 0.9504218816093593 -1.304709959780147 7
59 0.13985360089539253 0.9513593252325514 -1.3130004089461185 7
60 0.1383700113278429 0.9522868243025062 -1.3213616766710325 7
61 0.13348743225042764 0.9531815952725656 -1.329583388372749 7
62 0.13187156171208758 0.9540655350053712 -1.3378613375500463 7
63 0.13169581961856697 0.954948296732721 -1.3462887850268261 7
64 0.13101629974159137 0.9558265036143504 -1.3548382244477752 7
65 0.12590360251998406 0.9566704399060412 -1.3632157201448556 7
66 0.11949427536044507 0.9574714142515527 -1.3713190591354387 7
67 0.11429211827544825 0.9582375183545038 -1.3792137022250832 7
68 0.11429211827544825 0.9590036224574547 -1.3872545160311518 7
69 0.10822217152028699 0.9597290394930561 -1.3950080118653554 7
70 0.10161391998152194 0.9604101611853426 -1.402416266422773 7
71 0.09188843851250766 0.9610260926320636 -1.4092260513983266 7
72 0.09118624269800016 0.9616373172354546 -1.416091029522794 7
73 0.08809190977059105 0.9622278004160131 -1.4228277242173921 7
74 0.08177738754155164 0.9627759571311876 -1.429176460322254 7
75 0.08116847755756292 0.9633200323012467 -1.4355710554518364 7
76 0.07996995663333153 0.9638560737432469 -1.4419646724993505 7
77 0.0796913441403315 0.9643902476358723 -1.4484310464680328 7
78 0.07936589320280914 0.964922240019376 -1.454968147891956 7
79 0.07249888288973713 0.9654082025903674 -1.4610268712089847 7
80 0.06691847246775566 0.9658567594733296 -1.466695262481273 7
81 0.06483425505038111 0.9662913457733767 -1.4722585857649426 7
82 0.06354627072485378 0.966717298669028 -1.4777814322153162 7
83 0.06261874388002175 0.9671370343194997 -1.4832932467269297 7
84 0.056245554074183454 0.9675140502537493 -1.4883044318530083 7
85 0.05599865059750495 0.9678894111852797 -1.4933517306639772 7
86 0.05460292093987516 0.9682554164916505 -1.4983303665329946 7
87 0.05144468374933722 0.9686002520226571 -1.5030738376748276 7
88 0.049538908075329555 0.968932313072053 -1.5076910799224892 7
89 0.049410155571884815 0.9692635110888738 -1.5123457443057962 7
90 0.04689931181792693 0.9695778788313868 -1.5168105082413499 7
91 0.045102093916609555 0.9698801997588714 -1.5211479127656016 7
92 0.04463021119100175 0.9701793576397901 -1.5254830057358122 7
93 0.044433808457267715 0.9704771990262524 -1.529842441234649 7
94 0.04391757347607116 0.970771580071414 -1.5341946617155702 7
95 0.04215850566414312 0.9710541700229429 -1.5384139931938021 7
96 0.04050787926405097 0.9713256957674501 -1.5425071112342 7
97 0.040112519963390006 0.9715945714046098 -1.5465986534837597 7
98 0.03979804739262207 0.9718613391210279 -1.5506965745171704 7
99 0.03895558600140391 0.9721224597890045 -1.554745549079039 7
100 0.037775923544290026 0.9723756731378927 -1.5587082958818252 7
101 0.03766323309844007 0.9726281311187447 -1.5626955490601955 7
102 0.03706163076117715 0.9728765565378954 -1.56665517536333 7
103 0.03649145182638978 0.9731211600275206 -1.5705894783422512 7
104 0.035361158322105374 0.9733581871198907 -1.574436226309548 7
105 0.034780915022027785 0.9735913248209399 -1.578253385118533 7
106 0.0326278252431671 0.973810030285204 -1.5818650037780733 7
107 0.032530492237676026 0.9740280833228969 -1.5854959990971562 7
108 0.03250019928287842 0.9742459333058444 -1.589154183967152 7
109 0.03201087619432285 0.9744605033388577 -1.5927876661737193 7
110 0.03151840117594864 0.9746717722944401 -1.5963951980745958 7
111 0.03145316594189305 0.974882603975946 -1.6000253868696888 7
112 0.030336873316075263 0.9750859531085795 -1.603555722489081 7
113 0.030219483543729057 0.9752885153734252 -1.6071011620944604 7
114 0.03004097612082606 0.9754898810967148 -1.6106545818970281 7
115 0.02942477646525108 0.9756871164119629 -1.614163529346519 7
116 0.02847006586483334 0.9758779522683584 -1.6175858275101627 7
117 0.02807107604732927 0.9760661136819239 -1.6209867761271686 7
118 0.027938767804579694 0.9762533882286683 -1.624398347891199 7
119 0.027783523201596435 0.9764396221653593 -1.627817749106338 7
120 0.027166732283678146 0.9766217217307565 -1.6311874763093523 7
121 0.026521087630706385 0.9767994935172558 -1.634502534063411 7
122 0.026101175973832477 0.9769744506210974 -1.6377899989430795 7
123 0.025658052065430332 0.9771464374497403 -1.641046089890851 7
124 0.025629323576839412 0.9773182317103101 -1.6443230904970048 7
125 0.02536637992180953 0.9774882634502788 -1.6475910023396707 7
126 0.024998626323518902 0.9776558301248979 -1.650835775501689 7
127 0.02459016872506478 0.9778206588938173 -1.6540513598189346 7
128 0.02413127590033569 0.9779824116879352 -1.6572302530355916 7
129 0.023997188013109207 0.978143265686212 -1.6604147268991418 7
130 0.023377336326281008 0.9782999647967532 -1.6635395616093767 7
131 0.023102377265309254 0.9784548208470035 -1.6666498903045854 7
132 0.022862547492533813 0.9786080693098217 -1.6697500171932476 7
133 0.022850315397171896 0.9787612357804728 -1.6728707563407403 7
134 0.02232529285901534 0.9789108830065192 -1.67594160389669 7
135 0.02232529285901534 0.9790605302325653 -1.6790343197915023 7
136 0.022279280643959766 0.9792098690371102 -1.6821427749166669 7
137 0.022161375826838896 0.979358417521504 -1.6852570107592857 7
138 0.020191475753342143 0.9794937616961739 -1.6881139999790007 7
139 0.020051680209780716 0.979628168816381 -1.690969931373069 7
140 0.019953988080012502 0.9797619211027943 -1.6938307153470924 7
141 0.01974684227972383 0.9798942848835963 -1.6966804753795328 7
142 0.019640201355702783 0.9800259338465207 -1.6995335160876333 7
143 0.01928280464281549 0.9801551871666636 -1.7023529927927221 7
144 0.01928280464281549 0.9802844404868064 -1.705190893455353 7
145 0.01922051103447983 0.9804132762506937 -1.7080382019118965 7
146 0.01920289965654269 0.9805419939648934 -1.7109016662423304 7
147 0.019082032095622502 0.9806699014995658 -1.7137659329302648 7
148 0.01880818464453074 0.9807959734251076 -1.7166077017176011 7
149 0.01878338313103351 0.980921879105229 -1.719464403490457 7
150 0.01851600390991043 0.9810459925329936 -1.722298952619141 7
151 0.018443326148808434 0.9811696187991602 -1.7251408880690768 7
152 0.018374073837338276 0.9812927808646387 -1.7279907664245 7
153 0.018186806778380728 0.9814146876724109 -1.7308301361550864 7
154 0.017759471812048268 0.9815337300388204 -1.7336208197125982 7
155 0.017735266812315947 0.9816526101582621 -1.7364257111372035 7
156 0.017717884954916597 0.9817713737665004 -1.739246059907367 7
157 0.01731903965099719 0.9818874639005883 -1.742020735943976 7
158 0.01729049703871395 0.9820033627125389 -1.7448086362262263 7
159 0.016783112640790535 0.9821158605089608 -1.7475319514212988 7
160 0.016601142110585537 0.982227138550496 -1.750242644694108 7
161 0.016585930809107998 0.9823383146301404 -1.7529678561431739 7
162 0.0164815350648015 0.9824487909414259 -1.7556929607149299 7
163 0.015992645131919603 0.982555990206235 -1.7583536781682443 7
164 0.0159298718873285 0.9826627686997701 -1.7610202567467326 7
165 0.015883412080147666 0.9827692357715776 -1.7636954600547954 7
166 0.015870057272506826 0.9828756133256381 -1.7663849742127757 7
167 0.015784050576396993 0.9829814143737788 -1.7690765359230767 7
168 0.01558771684227309 0.9830858993899696 -1.7717510904261378 7
169 0.01554809930614543 0.9831901188484176 -1.7744353570777445 7
170 0.015339213137041867 0.983292938135501 -1.7770999192406536 7
171 0.015303293731780642 0.9833955166535429 -1.7797746330600859 7
172 0.014893352856454838 0.983495347323428 -1.7823936105178781 7
173 0.014711878242733107 0.983593961562572 -1.7849962752827104 7
174 0.014484830273055159 0.9836910538911611 -1.7875741023505163 7
175 0.01369530223246678 0.9837828539854262 -1.7900255730089643 7
176 0.01369530223246678 0.9838746540796912 -1.7924909601240189 7
177 0.013372677164155652 0.9839642916067357 -1.7949118499238663 7
178 0.013320144587377025 0.9840535770060641 -1.79733672001842 7
179 0.013101781561354445 0.9841413987103214 -1.7997351196011293 7
180 0.013088348995566632 0.9842291303756159 -1.8021443584999817 7
181 0.012932231351104627 0.9843158155788294 -1.8045380597264695 7
182 0.012902203062988574 0.9844022995013675 -1.8069394230792257 7
183 0.012863688526780806 0.9844885252596103 -1.8093469100415607 7
184 0.012820393448051623 0.9845744608094118 -1.8117596465229535 7
185 0.01270694525151338 0.9846596359119478 -1.8141643327237038 7
186 0.01270694525151336 0.9847448110144836 -1.8165824078276358 7
187 0.012529334764708942 0.9848287955876573 -1.8189799400523556 7
188 0.012482741842966565 0.9849124678468322 -1.8213817913649517 7
189 0.012446692483286727 0.9849958984658765 -1.8237900056010041 7
190 0.012260805036761373 0.9850780830748056 -1.8261753821878683 7
191 0.012183894850321479 0.9851597521520403 -1.8285588458155908 7
192 0.012152407177870096 0.9852412101662954 -1.8309492515977353 7
193 0.012019995021732876 0.9853217806171938 -1.8333266255592575 7
194 0.01195070204677609 0.9854018865948354 -1.8357032668640625 7
195 0.01182890809722705 0.9854811761833342 -1.838068564808224 7
196 0.01182890809722705 0.9855604657718329 -1.8404468154505407 7
197 0.011661609214479481 0.9856386339500156 -1.8428042481331635 7
198 0.011606759959249613 0.9857164344717043 -1.8451633684717945 7
199 0.01157324037919643 0.9857940103104649 -1.8475285048673726 7
200 0.011550250334285035 0.985871432046143 -1.8499018552254343 7
201 0.011169828423475508 0.9859463038003253 -1.8522094388898025 7
202 0.01114389238683954 0.9860210017043384 -1.854523948064808 7
203 0.011073231776351914 0.9860952259677855 -1.8568360645027886 7
204 0.010975244286344887 0.9861687934176283 -1.8591399320230897 7
205 0.01096045768250235 0.9862422617523436 -1.8614529576193632 7
206 0.010892127222861859 0.9863152720655761 -1.8637638323607593 7
207 0.010821838535244866 0.9863878112312547 -1.8660720369009434 7
208 0.010781595291253861 0.9864600806450481 -1.8683839223424312 7
209 0.010730778075532662 0.9865320094292509 -1.8706971963434285 7
210 0.010699788275106134 0.9866037304877279 -1.8730161237094196 7
211 0.010684944699778366 0.9866753520491952 -1.8753442566010228 7
212 0.01064132422219416 0.9867466812210618 -1.877675355923232 7
213 0.01058990400621088 0.9868176657214054 -1.8800076796850467 7
214 0.010523475130696083 0.986888204946652 -1.8823378477151393 7
215 0.010517043802930417 0.9869587010624814 -1.8846791499152977 7
216 0.010448538001922893 0.9870287379815087 -1.8870177678632365 7
217 0.010324891875199887 0.9870979460961843 -1.8893411479883329 7
218 0.010156419708046593 0.9871660249359767 -1.8916388088634049 7
219 0.010024992112920256 0.9872332228119604 -1.8939187210684296 7
220 0.009924352392003795 0.9872997460963422 -1.8961875965357546 7
221 0.009854796191815708 0.987365803143059 -1.898452360525619 7
222 0.009826336171015837 0.9874316694212519 -1.900722404779191 7
223 0.009407749439592395 0.9874947298978094 -1.9029069234757343 7
224 0.00933177177003508 0.987557281093366 -1.9050847099082806 7
225 0.009274758974623511 0.9876194501301427 -1.9072600661283774 7
226 0.009268388934586652 0.987681576468316 -1.9094448680886635 7
227 0.009221622638831544 0.9877433893303583 -1.9116296090162483 7
228 0.009007041682060278 0.9878037638486733 -1.9137741751376536 7
229 0.008978814308098756 0.9878639491579043 -1.9159226128083933 7
230 0.008952884066925541 0.9879239606558132 -1.9180754806990081 7
231 0.008933573684366088 0.9879838427155465 -1.9202343956425714 7
232 0.008921533524118978 0.9880436440696607 -1.9224011648705093 7
233 0.008769278336972325 0.9881024248518812 -1.924541543405837 7
234 0.008571862845874806 0.9881598823510969 -1.926643982240161 7
235 0.008511785756253049 0.9882169371514601 -1.928741805871171 7
236 0.008342590106004903 0.9882728578274078 -1.9308078096994603 7
237 0.00830336438422092 0.9883285155719577 -1.9328739050592267 7
238 0.008246249103250603 0.9883837904707633 -1.9349355629171736 7
239 0.008110733078645413 0.9884381570008729 -1.9369729323035516 7
240 0.008105503883339684 0.9884924884795014 -1.9390185816491567 7
241 0.008102832424381805 0.9885468020512465 -1.941073233185904 7
242 0.00807943196283526 0.9886009587688718 -1.9431316754653745 7
243 0.00806003903954448 0.9886549854950478 -1.9451949445197536 7
244 0.008010795941010252 0.9887086821429962 -1.9472553667886379 7
245 0.007898749378136118 0.9887616277388788 -1.9492965863830352 7
246 0.00789445760869263 0.9888145445668793 -1.9513463282357093 7
247 0.00786451753251354 0.9888672607054924 -1.9533979610817787 7
248 0.0078091681115642735 0.9889196058349831 -1.9554447900907115 7
249 0.007755182577919444 0.9889715890975364 -1.9574870610874755 7
250 0.007705708012266725 0.9890232407303297 -1.959525860162884 7
251 0.007633500383052181 0.9890744083528358 -1.9615550356260694 7
252 0.007226850540664865 0.9891228501870949 -1.9634848898114878 7
253 0.0072056629332957105 0.9891711500000739 -1.9654176620455022 7
254 0.007205662933295692 0.9892194498130528 -1.9673590743016134 7
255 0.007124983357714114 0.989267208827989 -1.9692873206279473 7
256 0.007124983357714114 0.9893149678429253 -1.9712241664695802 7
257 0.007122451270768547 0.9893627098851933 -1.973168995920801 7
258 0.007019176343567836 0.9894097596719789 -1.9750941841843819 7
259 0.007005403353639992 0.9894567171379269 -1.9770241417899301 7
260 0.007000886792439365 0.9895036443292059 -1.978961461576821 7
261 0.00699857939958584 0.989550556053949 -1.9809068193698571 7
262 0.0069925810680607735 0.9895974275716642 -1.9828592517314056 7
263 0.006941705615065323 0.9896439580694224 -1.984806199818702 7
264 0.0069358164496511 0.9896904490918967 -1.9867602525031531 7
265 0.0068223087662500105 0.9897361792683629 -1.9886909419741925 7
266 0.006818601878628285 0.9897818845974304 -1.990629196739277 7
267 0.0067193421885061895 0.9898269245852916 -1.9925477359927366 7
268 0.006704906815993354 0.989871867812341 -1.9944706390806473 7
269 0.0064656009043899 0.9899152069634185 -1.9963330100930512 7
270 0.006454968970002954 0.9899584748482646 -1.998200319593517 7
1 19.316598401513577 0.14240934247158263 -0.06671995876832466 8
2 16.75875927239979 0.2659613177735585 -0.1342810531154884 8
3 16.528162165855726 0.3878132431166236 -0.21311606950294587 8
4 13.419146393420194 0.48674431652275385 -0.2896662328211996 8
5 13.16562506992758 0.5838063338854413 -0.3807045334286387 8
6 11.590386742594173 0.6692550925486048 -0.48050683401207006 8
7 4.628811761883875 0.7033804610908715 -0.5278002445384934 8
8 4.220943279118788 0.7344988673700046 -0.5759336218747614 8
9 2.914550314302474 0.7559860456626194 -0.6125853371103039 8
10 2.7983727334483235 0.7766167184486495 -0.6509493334661189 8
11 2.595169717738473 0.7957493009781046 -0.6898364484756819 8
12 2.241500301837865 0.8122744974697174 -0.7264767244173806 8
13 2.2025045384926445 0.8285122022973352 -0.7657667769561093 8
14 2.0476062645064776 0.8436079378770641 -0.8057852938829065 8
15 1.494175099955927 0.8546235674977256 -0.8375059928153925 8
16 1.2655120636903723 0.8639534058643957 -0.8663123261122861 8
17 0.9289929960673525 0.8708022971122611 -0.8887452079512136 8
18 0.9119122532945124 0.8775252625994597 -0.9119534830463089 8
19 0.8576946248903015 0.8838485150186055 -0.9349752334306615 8
20 0.7862200728161097 0.8896448297361558 -0.9572073148407353 8
21 0.7846416523597389 0.8954295077351357 -0.9805908475380548 8
22 0.7234953908332445 0.9007633921359064 -1.003328089332156 8
23 0.7147455207419179 0.9060327691518612 -1.027023571325911 8
24 0.6804965938318713 0.9110496499953411 -1.0508523387009898 8
25 0.643270968667726 0.9157920893097005 -1.0746471079330424 8
26 0.5717964165935343 0.9200075909224642 -1.0969512236599896 8
27 0.5003218645193426 0.9236961548336325 -1.117453576167553 8
28 0.47154378141103764 0.9271725557227274 -1.137704930410318 8
29 0.4574644245810898 0.9305451582148737 -1.1582974736518061 8
30 0.42884731244515156 0.9337067844244467 -1.1785309148661718 8
31 0.3951212280143954 0.936619769056031 -1.1980461826668818 8
32 0.3482652305851267 0.9391873133752966 -1.2160058096031205 8
33 0.3027383533744241 0.9414192161642266 -1.2322448215708826 8
34 0.3008036869960362 0.9436368558535613 -1.2490047883206303 8
35 0.26826042197306005 0.9456145741614254 -1.264517466586632 8
36 0.2647127155961848 0.9475661374226343 -1.2803881484993729 8
37 0.25962001029756004 0.9494801553149378 -1.2965379932814758 8
38 0.21636296706199976 0.9510752657600607 -1.3104715247592074 8
39 0.19581332071096239 0.9525188763621968 -1.3234790120442488 8
40 0.18687704802545085 0.9538966053483856 -1.3362670957776777 8
41 0.14950553081290235 0.9549988172335414 -1.3467760715091919 8
42 0.138457904378976 0.9560195817963673 -1.356740645310233 8
43 0.1349846393743525 0.9570147401227711 -1.3666804432910784 8
44 0.13377954621883928 0.9580010140420797 -1.3767611952734355 8
45 0.13338046460032293 0.9589843457792451 -1.387050356837676 8
46 0.12752753863206756 0.9599245275103198 -1.397121348613213 8
47 0.12271330852213866 0.9608292168979597 -1.4070377459528944 8
48 0.1162820795211462 0.9616864928086365 -1.4166480911873789 8
49 0.11104337357368364 0.9625051469778515 -1.4260283444721273 8
50 0.11044197766992479 0.9633193674267274 -1.4355631833424525 8
51 0.10797113848843043 0.9641153719052821 -1.445091550400002 8
52 0.10671331079111263 0.9649021031975542 -1.4547189073079363 8
53 0.10520759937395509 0.9656777338100685 -1.4644240447950718 8
54 0.10470565646638882 0.966449663907723 -1.4743031249051173 8
55 0.10466861235318262 0.967221320902024 -1.4844085514372265 8
56 0.09867541738863923 0.9679487937736101 -1.4941556214460243 8
57 0.09817064681771093 0.9686725452837219 -1.5040748891138203 8
58 0.09413311199330883 0.9693665305447461 -1.5138038135119747 8
59 0.0921704336766239 0.9700460461914646 -1.5235458442630523 8
60 0.09010094920224229 0.9707103048080828 -1.5332851478526184 8
61 0.08434714287459273 0.9713321441664651 -1.5426047882006027 8
62 0.08305862822939028 0.9719444841026628 -1.551981740886498 8
63 0.07508418594929545 0.9724980334040871 -1.5606362497618917 8
64 0.07420355183735264 0.973045090334431 -1.5693621192911282 8
65 0.07362798511328292 0.9735879039670148 -1.578197132324374 8
66 0.07324095494150024 0.9741278642653244 -1.5871677189641897 8
67 0.07289236707485969 0.9746652546407186 -1.5962834564656618 8
68 0.0728523244242071 0.9752023498063955 -1.6055894706375284 8
69 0.06994473351309503 0.9757180091011589 -1.6147157080031371 8
70 0.06968517697368215 0.9762317548459614 -1.6240028817152845 8
71 0.06681800315195471 0.9767243626900727 -1.6330984187721662 8
72 0.06444754742191668 0.9771994946290141 -1.6420555267978756 8
73 0.0634351105428681 0.9776671624965261 -1.6510560940440142 8
74 0.06327470756067857 0.9781336478119785 -1.660223661258136 8
75 0.06325968644213752 0.9786000223860069 -1.6695866809556845 8
76 0.06074363922904974 0.9790478476988355 -1.6787713576853944 8
77 0.06038177856340873 0.9794930052366038 -1.688097979480613 8
78 0.05694878470708898 0.9799128534322393 -1.6970817515489034 8
79 0.056674320644208555 0.9803306781739566 -1.7062106137606086 8
80 0.054669275306144766 0.9807337209555022 -1.7152021538698474 8
81 0.0546577197415334 0.9811366785450111 -1.7243818342620365 8
82 0.054482173645410685 0.9815383419416398 -1.7337292971746914 8
83 0.05037083976180529 0.9819096950143247 -1.7425541112784215 8
84 0.046731030681963555 0.9822542140240442 -1.75090476061838 8
85 0.04608395978207718 0.9825939625799047 -1.75930008715154 8
86 0.04520002554285929 0.9829271944348856 -1.767695105638085 8
87 0.04465881488164204 0.9832564362781263 -1.7761521007020569 8
88 0.04252054746033465 0.9835699139971062 -1.7843601632548696 8
89 0.04179707980234907 0.9838780580361427 -1.792582646563779 8
90 0.037845959621171564 0.9841570729078518 -1.8001645763748502 8
91 0.03751019982262096 0.9844336124300638 -1.8078121607439073 8
92 0.036000136306249486 0.98469901918718 -1.8152807294475717 8
93 0.034928098821977525 0.9849565224744374 -1.8226517584526052 8
94 0.03432936861257013 0.9852096116938727 -1.8300204239074587 8
95 0.03410761982769958 0.9854610660965563 -1.8374674378254228 8
96 0.03347373727812206 0.9857078472749375 -1.8449023516007559 8
97 0.03338194457488589 0.9859539517224453 -1.8524458432072453 8
98 0.033223319842892854 0.9861988867278331 -1.8600858796525275 8
99 0.03175281711088866 0.9864329806253397 -1.8675155547958517 8
100 0.030935613071907644 0.9866610497824942 -1.8748783482818647 8
101 0.030763752843522292 0.9868878519203935 -1.8823261547858767 8
102 0.030348279120030283 0.9871115910272898 -1.8898006914146281 8
103 0.029601561259817034 0.9873298250448699 -1.897217388153418 8
104 0.029420373768521746 0.9875467232790495 -1.9047163614523996 8
105 0.028936439863164798 0.9877600537676131 -1.912220489954262 8
106 0.028577535418385782 0.9879707382755061 -1.9197610259284215 8
107 0.02814556111215869 0.9881782381037968 -1.927317792086305 8
108 0.0264294506476312 0.9883730861101788 -1.9345355439542318 8
109 0.02552736938079509 0.9885612836288612 -1.9416227084284214 8
110 0.025402253688710928 0.9887485587468664 -1.9487918430466542 8
111 0.022949422328267657 0.9889177506550865 -1.9553720826635899 8
112 0.022909177649431494 0.9890866458641604 -1.962041751811876 8
113 0.022278832437834285 0.9892508939275387 -1.9686276514637184 8
114 0.02222697197762206 0.9894147596557935 -1.9752992766169244 8
115 0.020327615009272923 0.9895646225989119 -1.9814918398188262 8
116 0.02029098591806793 0.9897142154983772 -1.987762578861564 8
117 0.01989724999451415 0.9898609056262049 -1.9940008345518074 8
1 18.057858432629253 0.3024827801680697 -0.15644506635447364 9
2 17.80938598683164 0.6008034590282557 -0.3988132305194175 9
3 9.821767946833887 0.765325497220543 -0.6295340936298572 9
4 2.253316048068507 0.8030702444927615 -0.7056886582841098 9
5 1.6100000000000079 0.8300389616242805 -0.7696506242554606 9
6 1.230195445953814 0.8506456653500019 -0.8257821685251546 9
7 1.1007011884849915 0.8690832423677524 -0.883004759244422 9
8 0.9712069310161691 0.8853516926775323 -0.9406323528480293 9
9 0.8417126735473465 0.8994510162793417 -0.9976223145922581 9
10 0.7795790327893216 0.9125095544265207 -1.0580393716780037 9
11 0.712218416078524 0.9244397513203593 -1.121706621422279 9
12 0.5827241586097014 0.9342008215062272 -1.1817795285417967 9
13 0.45322990114088 0.9417927649841246 -1.2350230302610439 9
14 0.22070656076412182 0.9454897667271791 -1.2635219594347482 9
15 0.20064232796738346 0.9488506774026835 -1.2911601135489967 9
16 0.18897730816562225 0.9520161901779595 -1.3189052728541806 9
17 0.18057809517064513 0.9550410097859133 -1.3471834516510708 9
18 0.16674468367554907 0.9578341092935099 -1.3750387212629311 9
19 0.16051386237390677 0.9605228378339131 -1.4036540743384136 9
20 0.14451205918547586 0.9629435240738302 -1.4311358844933932 9
21 0.14044962957716842 0.9652961615466832 -1.4596224869699341 9
22 0.12227943469540264 0.9673444345189206 -1.4860427913646836 9
23 0.12038539678043009 0.9693609809242231 -1.5137251429818828 9
24 0.10454986590565979 0.971112270215992 -1.5392865869553336 9
25 0.10032116398369198 0.9727927255537442 -1.5653149625289113 9
26 0.09354461686295876 0.9743596686042743 -1.5910763659549 9
27 0.08253936782025773 0.9757422654135656 -1.6151497600461227 9
28 0.07781418571525589 0.9770457118504439 -1.6391361708793732 9
29 0.07478521544874202 0.9782984207455102 -1.6635086607803056 9
30 0.0715341187775567 0.9794966713135627 -1.688175626124862 9
31 0.06895661962669625 0.9806517468222944 -1.7133582383726305 9
32 0.06887952217630383 0.9818055308904478 -1.7400606120291433 9
33 0.06318762396615486 0.9828639713606069 -1.7660898206765518 9
34 0.06214964476214405 0.9839050248944048 -1.7933096907094017 9
35 0.0583175196352394 0.9848818874353082 -1.8205024253629525 9
36 0.05336457275570075 0.9857757843716392 -1.8469716727477752 9
37 0.0526444049749927 0.9866576179532092 -1.8747666278838875 9
38 0.049523620692154435 0.9874871760387839 -1.9026446653370264 9
39 0.04889903121802382 0.9883062717784883 -1.9320470039885045 9
40 0.048621055177416245 0.9891207112093676 -1.9633994947480964 9
41 0.047372358454935204 0.9899142340261528 -1.9962911132585743 9
