x y yc yclog atom
1 31.99199071365264 0.2242624852878193 -0.11028520554107651 1
2 23.048762262057394 0.38583332200012255 -0.2117137501745421 1
3 13.821055512893615 0.48271832944980597 -0.2862729101854276 1
4 13.241789574554163 0.5755427074707884 -0.3721660004776676 1
5 13.241789574554161 0.6683670854917708 -0.47934237233193505 1
6 11.754611508718915 0.7507664089390966 -0.6033934249773418 1
7 9.621812354933986 0.8182149016260394 -0.7404417204496284 1
8 7.84001631216892 0.873173080333991 -0.8967885554324365 1
9 4.364835150921127 0.9037703878782029 -1.0166912647379707 1
10 2.048744098819066 0.9181319963017716 -1.0868857994896879 1
11 1.886159309385779 0.9313538923118593 -1.1633840827168909 1
12 1.5823930092856389 0.9424463995628392 -1.2399275025975085 1
13 1.5196480793091012 0.9530990675408678 -1.328818522789606 1
14 1.1102853161845532 0.9608821200746966 -1.4076246907375074 1
15 1.0772176385469672 0.9684333696039523 -1.5007717747281757 1
16 0.9841517104779669 0.9753322309617062 -1.6078701264798863 1
17 0.8195940665314765 0.9810775502803025 -1.7230226400866004 1
18 0.6724715907377856 0.9857915473420719 -1.8474532154373153 1
19 0.6158472323051919 0.9901086100753842 -2.004742677646721 1
20 0.36943141231519977 0.992698308459919 -2.1365765177667764 1
21 0.2961472993629478 0.9947742883500377 -2.2818545579238787 1
22 0.2502794196794193 0.996528736367233 -2.459512401624449 1
23 0.15273780541682577 0.997599421844319 -2.619684150128714 1
24 0.10858287041826636 0.9983605831173903 -2.785310596889703 1
25 0.0888918172361111 0.9989837109506519 -2.992982753977846 1
26 0.0676230947881497 0.9994577459500922 -3.2657971957064844 1
27 0.06327006645914458 0.9999012664073046 -4.005535059690068 1
28 0.006682919607006567 0.9999481133876459 -4.28494468320645 1
29 0.006682919607006567 0.9999949603679874 -5.297601174017709 1
30 0.0007189247917165905 0.9999999999999992 -15.109491730176746 1
1 31.99199071365264 0.2242624852878193 -0.11028520554107651 2
2 23.048762262057394 0.38583332200012255 -0.2117137501745421 2
3 13.821055512893615 0.48271832944980597 -0.2862729101854276 2
4 13.241789574554163 0.5755427074707884 -0.3721660004776676 2
5 13.241789574554161 0.6683670854917708 -0.47934237233193505 2
6 11.754611508718915 0.7507664089390966 -0.6033934249773418 2
7 9.621812354933986 0.8182149016260394 -0.7404417204496284 2
8 7.84001631216892 0.873173080333991 -0.8967885554324365 2
9 4.364835150921127 0.9037703878782029 -1.0166912647379707 2
10 2.048744098819066 0.9181319963017716 -1.0868857994896879 2
11 1.886159309385779 0.9313538923118593 -1.1633840827168909 2
12 1.5823930092856389 0.9424463995628392 -1.2399275025975085 2
13 1.5196480793091012 0.9530990675408678 -1.328818522789606 2
14 1.1102853161845532 0.9608821200746966 -1.4076246907375074 2
15 1.0772176385469672 0.9684333696039523 -1.5007717747281757 2
16 0.9841517104779669 0.9753322309617062 -1.6078701264798863 2
17 0.8195940665314765 0.9810775502803025 -1.7230226400866004 2
18 0.6724715907377856 0.9857915473420719 -1.8474532154373153 2
19 0.6158472323051919 0.9901086100753842 -2.004742677646721 2
20 0.36943141231519977 0.992698308459919 -2.1365765177667764 2
21 0.2961472993629478 0.9947742883500377 -2.2818545579238787 2
22 0.2502794196794193 0.996528736367233 -2.459512401624449 2
23 0.15273780541682577 0.997599421844319 -2.619684150128714 2
24 0.10858287041826636 0.9983605831173903 -2.785310596889703 2
25 0.0888918172361111 0.9989837109506519 -2.992982753977846 2
26 0.0676230947881497 0.9994577459500922 -3.2657971957064844 2
27 0.06327006645914458 0.9999012664073046 -4.005535059690068 2
28 0.006682919607006567 0.9999481133876459 -4.28494468320645 2
29 0.006682919607006567 0.9999949603679874 -5.297601174017709 2
30 0.0007189247917165905 0.9999999999999992 -15.109491730176746 2
1 46.069447092126445 0.20088716433564047 -0.09739189346882961 3
2 41.11050345909245 0.3801507106897503 -0.20771389240078678 3
3 26.467448328634916 0.4955627891396403 -0.2971928842812498 3
4 22.21367441268017 0.5924261626747039 -0.38979370167721145 3
5 15.860216436216234 0.6615850978633471 -0.47055052100766215 3
6 13.320299967187434 0.7196686533954415 -0.5523283367876292 3
7 12.762021617733165 0.7753178199428453 -0.6484313708818877 3
8 12.762021617733165 0.8309669864902492 -0.7720284658898833 3
9 9.273201071810243 0.871403049547506 -0.8907693301470804 3
10 7.55596191103559 0.9043510412848642 -1.0193197535690657 3
11 6.31003689949971 0.9318661407619404 -1.1666370110558255 3
12 2.3694183929860126 0.9421980585976337 -1.2380575746214202 3
13 1.8178212050073441 0.9501247208476248 -1.3021146605483653 3
14 1.6392537930741555 0.9572727347028505 -1.3692949027448045 3
15 1.5250607690564282 0.9639228065546491 -1.4427672549052037 3
16 1.4645891728076854 0.9703091902517155 -1.5273779578631612 3
17 1.2646594161647278 0.9758237744284186 -1.616611500885756 3
18 1.0700581765947523 0.9804897942384767 -1.7097381503582787 3
19 1.0381885856695163 0.9850168457701287 -1.8243967500259535 3
20 0.7898990643183215 0.988461223620485 -1.9378402431560386 3
21 0.6481070349281621 0.9912873132015547 -2.0598478975981696 3
22 0.5935342536331408 0.9938754365821111 -2.2129248640180372 3
23 0.3560464122837389 0.9954279873212708 -2.3398925739253795 3
24 0.2854174819214682 0.9966725585547905 -2.477889578301422 3
25 0.2412114575933402 0.9977243681331494 -2.6428979932113106 3
26 0.14720390802164737 0.9983662550566555 -2.78681574360788 3
27 0.10708893299690643 0.9988332194645082 -2.9330108244928965 3
28 0.10464876607436024 0.9992895434535037 -3.1484624795859144 3
29 0.06517301854749147 0.9995737322969473 -3.370317571217211 3
30 0.06097770632593636 0.9998396273593955 -3.7948697198919588 3
31 0.011449455640007534 0.9998895530438108 -3.9568462483614786 3
32 0.008281013638419139 0.9999256626446992 -4.128792893854896 3
33 0.008281013638419139 0.9999617722455877 -4.417621212705142 3
34 0.00791991984078244 0.9999963072864663 -5.432654381909028 3
35 0.0008468498788064664 1.0 -Inf 3
1 46.069447092126445 0.20088716433564047 -0.09739189346882961 4
2 41.11050345909245 0.3801507106897503 -0.20771389240078678 4
3 26.467448328634916 0.4955627891396403 -0.2971928842812498 4
4 22.21367441268017 0.5924261626747039 -0.38979370167721145 4
5 15.860216436216234 0.6615850978633471 -0.47055052100766215 4
6 13.320299967187434 0.7196686533954415 -0.5523283367876292 4
7 12.762021617733165 0.7753178199428453 -0.6484313708818877 4
8 12.762021617733165 0.8309669864902492 -0.7720284658898833 4
9 9.273201071810243 0.871403049547506 -0.8907693301470804 4
10 7.55596191103559 0.9043510412848642 -1.0193197535690657 4
11 6.31003689949971 0.9318661407619404 -1.1666370110558255 4
12 2.3694183929860126 0.9421980585976337 -1.2380575746214202 4
13 1.8178212050073441 0.9501247208476248 -1.3021146605483653 4
14 1.6392537930741555 0.9572727347028505 -1.3692949027448045 4
15 1.5250607690564282 0.9639228065546491 -1.4427672549052037 4
16 1.4645891728076854 0.9703091902517155 -1.5273779578631612 4
17 1.2646594161647278 0.9758237744284186 -1.616611500885756 4
18 1.0700581765947523 0.9804897942384767 -1.7097381503582787 4
19 1.0381885856695163 0.9850168457701287 -1.8243967500259535 4
20 0.7898990643183215 0.988461223620485 -1.9378402431560386 4
21 0.6481070349281621 0.9912873132015547 -2.0598478975981696 4
22 0.5935342536331408 0.9938754365821111 -2.2129248640180372 4
23 0.3560464122837389 0.9954279873212708 -2.3398925739253795 4
24 0.2854174819214682 0.9966725585547905 -2.477889578301422 4
25 0.2412114575933402 0.9977243681331494 -2.6428979932113106 4
26 0.14720390802164737 0.9983662550566555 -2.78681574360788 4
27 0.10708893299690643 0.9988332194645082 -2.9330108244928965 4
28 0.10464876607436024 0.9992895434535037 -3.1484624795859144 4
29 0.06517301854749147 0.9995737322969473 -3.370317571217211 4
30 0.06097770632593636 0.9998396273593955 -3.7948697198919588 4
31 0.011449455640007534 0.9998895530438108 -3.9568462483614786 4
32 0.008281013638419139 0.9999256626446992 -4.128792893854896 4
33 0.008281013638419139 0.9999617722455877 -4.417621212705142 4
34 0.00791991984078244 0.9999963072864663 -5.432654381909028 4
35 0.0008468498788064664 1.0 -Inf 4
1 46.06944709212646 0.24362223087977508 -0.12126124409232747 5
2 41.110503459092456 0.4610208149189248 -0.26842800657389737 5
3 26.467448328634923 0.6009847001946226 -0.39901045144694197 5
4 22.213674412680177 0.7184539831584943 -0.5504506124394389 5
5 15.860216436216234 0.8023252157066149 -0.7040487264408878 5
6 12.76202161773317 0.8698127236602199 -0.8854314588203844 5
7 12.76202161773317 0.9373002316138249 -1.2027340634562353 5
8 6.31003689949971 0.970668664782031 -1.5326681666615438 5
9 1.639253793074156 0.9793372877253071 -1.6848126717506011 5
10 1.2899468585947065 0.9861587225642963 -1.8588238262321966 5
11 1.264659416164728 0.9928464335683604 -2.1454773854132934 5
12 0.2877198355836731 0.9943679397430079 -2.2493327073568548 5
13 0.1322781737604763 0.9950674468094545 -2.306928222804436 5
14 0.11905035638442865 0.9956970031692564 -2.3662289737852236 5
15 0.10582253900838103 0.9962566088224137 -2.426734787528793 5
16 0.0925947216323334 0.9967462637689263 -2.4876176566948804 5
17 0.07936690425628577 0.9971659680087943 -2.547595251644775 5
18 0.06613908688023815 0.9975157215420176 -2.604799726535966 5
19 0.052911269504190644 0.9977955243685963 -2.6566946975658974 5
20 0.02356991840994257 0.9979201656757343 -2.6819712587501647 5
21 0.02152036028733887 0.9980339686083384 -2.7064095520600477 5
22 0.020439530838204482 0.9981420559507148 -2.730967368626862 5
23 0.01947080216473517 0.9982450205087853 -2.7557279543573125 5
24 0.018168471856181763 0.9983410981464532 -2.7801793076006747 5
25 0.017421244042131467 0.9984332243299899 -2.8049931811006927 5
26 0.015897412874159043 0.9985172922629494 -2.8289444462036095 5
27 0.015371685919527764 0.9985985800719523 -2.853431711175541 5
28 0.013626353892136322 0.9986706383002033 -2.876356837827986 5
29 0.013322127796924063 0.9987410877346725 -2.900004535191438 5
30 0.011449455640007537 0.998801634194451 -2.9214105917284323 5
31 0.011272569674320384 0.9988612452543866 -2.9435698001489747 5
32 0.011241844029247503 0.9989206938324461 -2.966855341213275 5
33 0.010117659626322752 0.9989741975526994 -2.988936269154203 5
34 0.009084235928090848 0.9990222363715335 -3.009766121960814 5
35 0.008993475223398002 0.9990697952339811 -3.031421439657432 5
36 0.00828101363841914 0.9991135864913951 -3.0523636340824285 5
37 0.00828101363841914 0.9991573777488093 -3.074367076609907 5
38 0.00798309516579102 0.9991995935681077 -3.096689430125656 5
39 0.007919919840782443 0.9992414753066956 -3.1200302764576353 5
40 0.007869290820473253 0.9992830893113372 -3.1445349445230897 5
41 0.007863800478620933 0.9993246742822174 -3.1704867111440214 5
42 0.007639297616131812 0.9993650720478748 -3.1972755530855186 5
43 0.00726143122028707 0.9994034715986602 -3.2243688742877983 5
44 0.007095467430446337 0.9994409935077267 -3.2525831482100442 5
45 0.006873605956661642 0.9994773421796351 -3.2817825470075355 5
46 0.00597513046774429 0.9995089395767438 -3.308865066182089 5
47 0.005693457218081919 0.9995390474429423 -3.336343771504807 5
48 0.005620922014623729 0.999568771731972 -3.36529277786264 5
49 0.0052888532821261805 0.9995967399911267 -3.394414844659449 5
50 0.005208907667606862 0.9996242854857338 -3.4251420273375515 5
51 0.00483907872490345 0.9996498752687413 -3.4557772115147416 5
52 0.004724358117131805 0.9996748583917571 -3.4879274504545457 5
53 0.0047012029174454935 0.9996997190665613 -3.522472242776855 5
54 0.004239808566656748 0.9997221398179857 -3.556173684134732 5
55 0.0041135525527648065 0.9997438929084393 -3.591578395826691 5
56 0.003963643922426555 0.9997648532592954 -3.628661036496166 5
57 0.003888391408652792 0.999785415663433 -3.6684019822340233 5
58 0.0038315524124410178 0.999805677494329 -3.7114768982026085 5
59 0.003755259016181691 0.999825535874162 -3.7582938612681582 5
60 0.0035259021880841204 0.9998441813802651 -3.807380647016765 5
61 0.0033230317974116378 0.9998617540769409 -3.859347667394251 5
62 0.003270709465706634 0.9998790500851825 -3.9173944331665997 5
63 0.0029382518234034333 0.9998945880069351 -3.97710997521831 5
64 0.0027861599152315835 0.9999093216435854 -4.042496360254004 5
65 0.0025341076730787575 0.9999227223897105 -4.111946316381877 5
66 0.0023506014587227468 0.9999351527271125 -4.188108283185564 5
67 0.0022621908812173264 0.9999471155359576 -4.276671892645891 5
68 0.002218267186150065 0.9999588460696343 -4.385588681602559 5
69 0.001938625059653141 0.9999690978132884 -4.510010787785532 5
70 0.0014052305036559372 0.9999765288855458 -4.629466288764097 5
71 0.0008763647235608172 0.9999811632352611 -4.724993686293403 5
72 0.0007219417926921334 0.9999849809730722 -4.823358204054711 5
73 0.0006612197384432508 0.999988477603441 -4.9384571820153145 5
74 0.0005975130467744296 0.999991637343152 -5.077655723623642 5
75 0.0005075098612150482 0.9999943211323525 -5.2457382529306225 5
76 0.00039568625928617133 0.9999964135813681 -5.445339017927348 5
77 0.0003480067619760339 0.9999982538939628 -5.757929386074825 5
78 5.838064409851814e-5 0.9999985626196727 -5.842428303402751 5
79 5.1253474126216314e-5 0.9999988336558255 -5.933173275465248 5
80 4.481766856832208e-5 0.9999990706584615 -6.031824650884815 5
81 2.3413805824722756e-5 0.9999991944742216 -6.093920556742516 5
82 2.2699756441415248e-5 0.9999993145139802 -6.164001398015387 5
83 2.1588252076122234e-5 0.9999994286759348 -6.243117482311402 5
84 1.8970293415986806e-5 0.9999995289937267 -6.32697330847864 5
85 1.6346279017851174e-5 0.9999996154353319 -6.4150306190828 5
86 1.6329380974079973e-5 0.9999997017875779 -6.525474269895076 5
87 1.1379798689357392e-5 0.9999997619656811 -6.623360423430454 5
88 9.27245346953873e-6 0.9999998109998228 -6.7235377887037195 5
89 8.923190749311055e-6 0.9999998581870104 -6.848283987476147 5
90 2.5944071788865234e-6 0.9999998719066293 -6.892473346040126 5
91 2.5467605783400573e-6 0.999999885374286 -6.940717945986803 5
92 2.458403468288365e-6 0.9999998983746967 -6.992998145316676 5
93 2.23077653617516e-6 0.9999999101713818 -7.04658528080624 5
94 1.8715095689724779e-6 0.9999999200682086 -7.097280453639919 5
95 1.7973006106628482e-6 0.9999999295726072 -7.1522583887155955 5
96 1.4465813774058842e-6 0.999999937222349 -7.202194938896663 5
97 1.4284778304374531e-6 0.9999999447763566 -7.257874943732404 5
98 1.3131438153073508e-6 0.9999999517204605 -7.316236881146799 5
99 1.2740343938429718e-6 0.9999999584577478 -7.381509962090458 5
100 1.2309704662829848e-6 0.9999999649673066 -7.455526471606634 5
101 9.693408206341755e-7 0.999999970093328 -7.524231911957118 5
102 7.953378266604379e-7 0.9999999742991952 -7.5900532765752375 5
103 7.283677199792036e-7 0.9999999781509142 -7.660566730613562 5
104 5.391560767101775e-7 0.9999999810020535 -7.721293338548492 5
105 4.369296496949507e-7 0.9999999833126039 -7.7776114244894865 5
106 3.502559107192487e-7 0.9999999851648103 -7.828706894648712 5
107 3.497446205157209e-7 0.9999999870143129 -7.886535066621862 5
108 3.1593009148071625e-7 0.9999999886849993 -7.946345414298126 5
109 3.0629519108567294e-7 0.9999999903047347 -8.013440304357072 5
110 2.9600758224935526e-7 0.9999999918700676 -8.089913065851295 5
111 2.8290546659057874e-7 0.9999999933661148 -8.178232047018493 5
112 2.3557661079968855e-7 0.9999999946118797 -8.268562717740998 5
113 1.8064429171770558e-7 0.9999999955671541 -8.353317369033356 5
114 1.2842187738558302e-7 0.9999999962462685 -8.425536789644967 5
115 1.2497021212503558e-7 0.9999999969071298 -8.509638308365165 5
116 1.2173871147066692e-7 0.9999999975509026 -8.610993948182385 5
117 7.997840500868469e-8 0.9999999979738406 -8.69332640166268 5
118 7.483004166030118e-8 0.9999999983695532 -8.78769337323116 5
119 6.430419763626561e-8 0.9999999987096035 -8.889276838262957 5
120 6.18278841434471e-8 0.9999999990365589 -9.016174828696313 5
121 4.952505768412886e-8 0.999999999298455 -9.15394443888521 5
122 4.780683925035481e-8 0.9999999995512647 -9.348009793026188 5
123 3.500717924714198e-8 0.999999999736388 -9.579034789151201 5
124 2.127125988193111e-8 0.9999999998488737 -9.820659853523958 5
125 1.3809181281587336e-8 0.9999999999218987 -10.107341719401324 5
126 7.159430166374971e-9 0.9999999999597589 -10.395329684077893 5
127 5.501463180801203e-9 0.9999999999888515 -10.9527825276887 5
128 9.456970947569308e-10 0.9999999999938524 -11.211291716822627 5
129 9.168562291427697e-10 0.9999999999987009 -11.886366790844553 5
130 1.101814575995606e-10 0.9999999999992836 -12.144828105083878 5
131 1.0478959935248215e-10 0.9999999999998377 -12.789642397569162 5
132 1.1533880867186941e-11 0.9999999999998987 -12.994594931862586 5
133 1.1133725316731007e-11 0.9999999999999576 -13.372526407279295 5
134 6.808676156711629e-12 0.9999999999999936 -14.191161776628066 5
135 1.2812346696753278e-12 1.0000000000000002 -Inf 5
136 3.629974461669025e-18 1.0000000000000002 -Inf 5
1 31.991990713652648 0.317022539227772 -0.16559362841768538 6
2 23.0487622620574 0.5454227411338202 -0.3423922945150696 6
3 13.241789574554168 0.6766413887140573 -0.4903155689702455 6
4 13.241789574554165 0.8078600362942941 -0.7163822956704402 6
5 11.754611508718916 0.924341590114569 -1.1211427905246358 6
6 4.364835150921128 0.9675946385178723 -1.4893831296245703 6
7 1.041009172271403 0.9779104508131055 -1.6558131473083701 6
8 0.9841517104779673 0.9876628378100153 -1.90878472579417 6
9 0.23882896508686338 0.9900294978165983 -2.0012829670657 6
10 0.13038841376182722 0.9913215732734411 -2.0615589990059022 6
11 0.11666331757637173 0.9924776407874585 -2.123645931708654 6
12 0.10293822139091623 0.99349770035865 -2.186933021061611 6
13 0.08921312520546074 0.9943817519870164 -2.250399093135013 6
14 0.07548802902000523 0.9951297956725569 -2.312452817754661 6
15 0.06176293283454974 0.9957418314152721 -2.370777148447784 6
16 0.04803783664909434 0.9962178592151615 -2.4222623091925852 6
17 0.02339268809644301 0.9964496675276255 -2.449730975351489 6
18 0.021266080087675464 0.9966604023571384 -2.4763058541498184 6
19 0.02002970465362995 0.9968588854051645 -2.5029162192853978 6
20 0.01913947207890792 0.9970485467517259 -2.529964091716852 6
21 0.017673268812026424 0.9972236788529258 -2.5565302989033367 6
22 0.017012864070140372 0.9973922667165359 -2.5837368299045536 6
23 0.015316832970422902 0.9975440478709091 -2.6097801026262637 6
24 0.014886256061372826 0.9976915622515681 -2.6366818325605483 6
25 0.012960397128819379 0.9978199924591147 -2.661542004120524 6
26 0.01275964805260528 0.9979464333568222 -2.687491198680922 6
27 0.011081240155202555 0.9980562421812634 -2.711357846682557 6
28 0.010633040043837753 0.9981616095960198 -2.735562255577758 6
29 0.00991479382307597 0.9982598595968355 -2.759415709269364 6
30 0.008748347490949385 0.9983465507740258 -2.7816091368360287 6
31 0.008247525445612297 0.9984282790879189 -2.8036245684134684 6
32 0.007926484890892743 0.9985068260714359 -2.825889601641264 6
33 0.007581901158822801 0.998581958425001 -2.8483110360584702 6
34 0.007308712027080749 0.9986543836287355 -2.8710787377273546 6
35 0.007300540468411101 0.9987267278569439 -2.8950787624139567 6
36 0.006697256184311276 0.9987930938790027 -2.9183265101168154 6
37 0.006682919607006569 0.9988593178336864 -2.942835348259124 6
38 0.006682919607006569 0.9989255417883705 -2.9688104706440224 6
39 0.006587240769790053 0.9989908176198757 -2.9960303406768634 6
40 0.006181073832432768 0.9990520685666846 -3.0232230753304044 6
41 0.005656110998930389 0.9991081174286353 -3.049692322715241 6
42 0.005579780416763345 0.9991634098976749 -3.0774872778512963 6
43 0.005249008494569609 0.9992154246039893 -3.1053653153045127 6
44 0.00518280825699591 0.9992667833033796 -3.134767653955937 6
45 0.005153345576803243 0.9993178500442678 -3.1661201447154146 6
46 0.005020996212765681 0.999367605277791 -3.1990117632260313 6
47 0.004650580154676098 0.999413689897617 -3.2318726226642918 6
48 0.004573066109114039 0.9994590063970792 -3.2668078702587104 6
49 0.004147814732548952 0.9995001088958428 -3.301124591692767 6
50 0.003963323961232167 0.9995393831953767 -3.3366602217733696 6
51 0.003655689624617777 0.9995756090125758 -3.372233847564054 6
52 0.0036450493104218063 0.9996117293902773 -3.4108654822799536 6
53 0.003586283835598078 0.9996472674353503 -3.452554443947951 6
54 0.003557110015686625 0.9996825163843631 -3.4982786824101053 6
55 0.0034479559061186145 0.9997166836778676 -3.547728404625897 6
56 0.003353581813350295 0.9997499157774731 -3.601913706452761 6
57 0.0031422838882946605 0.9997810540341124 -3.6596630523394564 6
58 0.002743839665468423 0.9998082439337898 -3.717250888239663 6
59 0.002639518466167521 0.9998344000693667 -3.7809398494690227 6
60 0.002629373430894691 0.9998604556733802 -3.855287815698535 6
61 0.0023472343586168638 0.9998837154387131 -3.934477941273238 6
62 0.0021340975175865515 0.9999048631384622 -4.021651179585038 6
63 0.0020115045932912637 0.9999247960116473 -4.1237591265142255 6
64 0.0019947714989928945 0.9999445630693291 -4.25620082294161 6
65 0.0014580579151582298 0.9999590115988608 -4.3873390221559765 6
66 0.0007956464819296958 0.9999668960056264 -4.480119600491383 6
67 0.0006609547491944998 0.9999734456934772 -4.575865035885578 6
68 0.0006199756018625947 0.9999795893011484 -4.690142125014278 6
69 0.0006098464404793571 0.9999856325345574 -4.842619838781784 6
70 0.00047115847992215546 0.9999903014486934 -5.013293132386401 6
71 0.0003558199289496099 0.9999938274230035 -5.2095334839864424 6
72 0.0003009079367570075 0.9999968092505189 -5.496107292722174 6
73 6.057537179731037e-5 0.9999974095182032 -5.58661945512584 6
74 4.653273377949778e-5 0.9999978706312846 -5.671749130868553 6
75 4.160751585348597e-5 0.9999982829382412 -5.765214083980797 6
76 2.2399828164937205e-5 0.9999985049078731 -5.825332045491551 6
77 2.1864609639562888e-5 0.9999987215737921 -5.893324334848105 6
78 2.1411925248666477e-5 0.9999989337538648 -5.972142530015217 6
79 1.7223020064381354e-5 0.9999991044242553 -6.0478976771480415 6
80 1.6960791445500208e-5 0.9999992724961088 -6.1381646794009805 6
81 1.6943258146580254e-5 0.9999994403942171 -6.252117806182103 6
82 1.1807604167968932e-5 0.9999995574008982 -6.353989471741815 6
83 9.621036647741326e-6 0.9999996527399314 -6.459345153309753 6
84 8.229905732998202e-6 0.999999734293644 -6.57559805659802 6
85 2.408577716651189e-6 0.9999997581612873 -6.6164741775201215 6
86 2.3908351447178e-6 0.9999997818531117 -6.66125097745263 6
87 2.3290125295260063e-6 0.999999804932309 -6.70981465670667 6
88 2.314639041109186e-6 0.9999998278690733 -6.764141093045931 6
89 1.9418660022220104e-6 0.9999998471118674 -6.8156262238552205 6
90 1.8648672758510923e-6 0.9999998655916477 -6.871573742732161 6
91 1.5009633094070467e-6 0.9999998804653454 -6.922506168958889 6
92 1.4821791883101249e-6 0.999999895152903 -6.979443589732862 6
93 1.3625093738491818e-6 0.9999999086546006 -7.0393133211607095 6
94 1.3219296957287296e-6 0.9999999217541764 -7.106538833802926 6
95 1.2772468481294634e-6 0.9999999344109705 -7.183168794896853 6
96 1.0057816510064398e-6 0.999999944377698 -7.254751041373388 6
97 8.252372905156964e-7 0.999999952555333 -7.323812597449439 6
98 7.557495489163284e-7 0.9999999600443836 -7.3984221653483635 6
99 4.894966948263983e-7 0.9999999648950192 -7.454631260020234 6
100 4.5335532672228343e-7 0.9999999693875141 -7.51410140219185 6
101 3.6342322603054735e-7 0.9999999729888328 -7.568456648910587 6
102 3.246934815584077e-7 0.9999999762063616 -7.623539142950733 6
103 3.0713551771233144e-7 0.9999999792499009 -7.68297982515523 6
104 2.9502628386403055e-7 0.9999999821734445 -7.7489325655084595 6
105 2.8891806625525327e-7 0.9999999850364593 -7.824965629611923 6
106 2.6418676392071285e-7 0.9999999876544008 -7.908487826177139 6
107 2.4443273975853014e-7 0.999999990076591 -8.00333910926081 6
108 1.8743532728751838e-7 0.999999991933969 -8.093340115673062 6
109 1.3324969413514906e-7 0.9999999932543983 -8.170979302867135 6
110 1.1601897752176255e-7 0.9999999944040807 -8.252128558472577 6
111 1.1428525803805145e-7 0.999999995536583 -8.35033253977105 6
112 8.298506626582332e-8 0.9999999963589181 -8.438769554566239 6
113 7.764315836481436e-8 0.9999999971283178 -8.541863619935922 6
114 6.065601084794334e-8 0.9999999977293845 -8.643856406912414 6
115 5.8806188249084435e-8 0.9999999983121207 -8.772658617877866 6
116 4.649288569244351e-8 0.9999999987728388 -8.91109840209267 6
117 4.529066487530758e-8 0.9999999992216437 -9.10882157273675 6
118 3.249972191845261e-8 0.9999999995436977 -9.340747314308855 6
119 1.9474340428312502e-8 0.9999999997366774 -9.579511888571975 6
120 1.2736280484211591e-8 0.9999999998628867 -9.862920351014138 6
121 6.721094006014136e-9 0.999999999929489 -10.1517428707339 6
122 5.137453765291733e-9 0.9999999999803982 -10.707704829367461 6
123 8.831241690872778e-10 0.9999999999891495 -10.964548540166755 6
124 8.648399859639807e-10 0.9999999999977195 -11.641968187604022 6
125 1.0393050427653914e-10 0.9999999999987493 -11.902858574131153 6
126 9.728384040531341e-11 0.9999999999997135 -12.542801765647134 6
127 1.0827718933081248e-11 0.9999999999998207 -12.746417243523881 6
128 1.0547733965282982e-11 0.9999999999999252 -13.125929873655684 6
129 6.358173781876481e-12 0.9999999999999883 -13.933400471121065 6
130 1.196460589051367e-12 1.0000000000000002 -Inf 6
131 3.081630757826827e-18 1.0000000000000002 -Inf 6
