x y n z
1 0.01509433962264151 4 0.9761573790969172
1 0.01509433962264151 4 1.0285239941434576
1 0.01509433962264151 4 1.0443328051267988
1 0.01509433962264151 4 1.0301428953782095
1 0.01509433962264151 4 1.0903337505926842
1 0.01509433962264151 4 1.0562900516185443
1 0.01509433962264151 4 0.8106702260612215
1 0.018867924528301886 5 0.9058791983387644
1 0.018867924528301886 5 1.05593338218101
1 0.018867924528301886 5 0.8294122310033082
1 0.018867924528301886 5 1.0868251109512332
1 0.018867924528301886 5 0.9631627964760802
1 0.018867924528301886 5 0.8625294877118742
1 0.018867924528301886 5 1.0182365471534582
1 0.01509433962264151 4 0.9901958854465184
1 0.01509433962264151 4 0.7259876638341471
1 0.01509433962264151 4 0.9842632446444582
1 0.01509433962264151 4 0.9566142274569126
1 0.01509433962264151 4 1.075653503181268
1 0.022641509433962263 6 1.0333503455660755
1 0.022641509433962263 6 0.7322715248424417
1 0.018867924528301886 5 0.9211495320108389
1 0.018867924528301886 5 0.9462279498870854
1 0.018867924528301886 5 0.8992561404078125
1 0.018867924528301886 5 0.9620209698591818
1 0.018867924528301886 5 0.843182534835449
1 0.018867924528301886 5 1.0278409843951715
1 0.018867924528301886 5 1.0274203346611226
1 0.022641509433962263 6 1.052272016683102
1 0.022641509433962263 6 0.951161333466845
2 0.022245762711864406 21 2.0878221957113228
2 0.037076271186440676 35 2.0242776759414705
2 0.03283898305084746 31 1.7883009069093716
2 0.03283898305084746 31 2.026876545664657
2 0.03283898305084746 31 2.0510428251136186
2 0.03283898305084746 31 2.1782571209628774
2 0.00847457627118644 8 2.0762477929928247
2 0.0031779661016949155 3 1.722889333722915
2 0.00211864406779661 2 2.0070027557378447
2 0.00211864406779661 2 2.0612625329540997
2 0.00211864406779661 2 2.1542079631698825
2 0.00211864406779661 2 2.1121770652859446
2 0.00211864406779661 2 1.9531977013896904
2 0.00847457627118644 8 1.9396561452334522
2 0.020127118644067795 19 2.0518658826373595
2 0.005296610169491525 5 1.8636521423120076
2 0.020127118644067795 19 2.1050004092860233
2 0.0031779661016949155 3 2.036724561698957
2 0.0031779661016949155 3 2.0500960470108387
2 0.024364406779661018 23 1.9377488836597687
2 0.006355932203389831 6 2.0139777525199127
2 0.006355932203389831 6 2.0382490576440566
2 0.006355932203389831 6 2.193197486602413
2 0.006355932203389831 6 2.147092053606583
2 0.036016949152542374 34 2.1412613210846425
2 0.03177966101694915 30 1.8997424673475232
2 0.03177966101694915 30 2.0304635436065084
2 0.03177966101694915 30 2.1070214579342084
2 0.03177966101694915 30 1.8698276065006278
2 0.005296610169491525 5 2.068639024097771
2 0.0031779661016949155 3 2.089274774027033
2 0.005296610169491525 5 1.8458329311817816
2 0.005296610169491525 5 2.093325246091004
2 0.005296610169491525 5 2.0630531505741483
2 0.005296610169491525 5 1.9310112225798264
2 0.005296610169491525 5 2.0144490355379983
2 0.005296610169491525 5 1.9550025414503986
2 0.005296610169491525 5 2.0755044642695917
2 0.00211864406779661 2 1.8907452388291284
2 0.00211864406779661 2 2.019225987562633
2 0.00211864406779661 2 1.9073369806858027
2 0.00211864406779661 2 2.0697420628814673
2 0.00211864406779661 2 2.0834788875707124
2 0.00211864406779661 2 1.9033710731059403
2 0.00211864406779661 2 2.17692941991087
2 0.005296610169491525 5 2.03982991146958
2 0.01059322033898305 10 2.0138227699381877
2 0.037076271186440676 35 1.953031346453731
2 0.03283898305084746 31 1.915046011432723
2 0.03283898305084746 31 2.0116573573719165
2 0.03283898305084746 31 2.0187688463924167
2 0.03283898305084746 31 1.8673018945596778
2 0.00211864406779661 2 2.0394957724294587
2 0.005296610169491525 5 1.9770699768269013
2 0.00423728813559322 4 1.9740133127024946
2 0.00423728813559322 4 1.8809885866328777
2 0.00423728813559322 4 1.9558545585696896
2 0.00423728813559322 4 1.8893236568038474
2 0.00423728813559322 4 2.1033930241707184
2 0.00423728813559322 4 1.991621078444012
2 0.00423728813559322 4 1.998713253940201
2 0.00211864406779661 2 2.0698158254624652
2 0.00211864406779661 2 1.9566108497256263
2 0.00211864406779661 2 2.0214989942512887
2 0.00211864406779661 2 1.9825173180826448
2 0.006355932203389831 6 1.8764488702638045
2 0.006355932203389831 6 1.9848844776934451
2 0.006355932203389831 6 2.019326291751654
2 0.006355932203389831 6 2.067186943054576
2 0.009533898305084746 9 2.2057211360115163
2 0.009533898305084746 9 1.854104828498075
2 0.038135593220338986 36 1.8944775992607021
2 0.0031779661016949155 3 2.088601846398213
2 0.0031779661016949155 3 2.0434771246237764
2 0.00211864406779661 2 1.8950665229562804
2 0.00211864406779661 2 2.022402914925352
2 0.00211864406779661 2 1.9808575750064268
2 0.00211864406779661 2 2.149080371898975
2 0.00211864406779661 2 1.8806271351848731
2 0.00211864406779661 2 2.020555878521847
2 0.00211864406779661 2 1.9638858030573876
2 0.00423728813559322 4 1.9113646746173585
2 0.00423728813559322 4 2.044220590839693
2 0.00423728813559322 4 1.8645480154173337
2 0.00423728813559322 4 2.0238232066503015
2 0.00211864406779661 2 1.8360641808292284
2 0.00211864406779661 2 2.0189365216487287
2 0.00211864406779661 2 2.113109951414247
2 0.00211864406779661 2 1.9954774811614526
2 0.00211864406779661 2 2.043434337329767
2 0.00211864406779661 2 2.0122755976627404
2 0.00211864406779661 2 2.1261190536210757
2 0.011652542372881356 11 2.066757046437421
2 0.0031779661016949155 3 1.960816306512501
2 0.0031779661016949155 3 1.9563395877502952
2 0.037076271186440676 35 1.9675832818292416
2 0.03283898305084746 31 2.000835053993696
2 0.03283898305084746 31 1.84946354070569
2 0.03283898305084746 31 1.9825487186891282
2 0.03283898305084746 31 1.9944849511412284
2 0.03283898305084746 31 2.080809308200327
2 0.03283898305084746 31 2.15755489755956
2 0.037076271186440676 35 1.879552496922746
2 0.03283898305084746 31 1.8323110977683639
2 0.03283898305084746 31 2.036345388579205
2 0.0031779661016949155 3 1.8784439557561003
2 0.0031779661016949155 3 1.9914991800531456
2 0.0031779661016949155 3 2.0477633772808383
2 0.0031779661016949155 3 1.8916968974209996
2 0.0031779661016949155 3 1.9094219414229336
2 0.0031779661016949155 3 2.1126788847675004
2 0.0031779661016949155 3 2.1130559850167328
2 0.0031779661016949155 3 2.2272453702030757
2 0.005296610169491525 5 2.089626809016983
2 0.036016949152542374 34 1.964574884316331
2 0.03177966101694915 30 2.001670755827904
2 0.03177966101694915 30 2.0034049766853803
2 0.03177966101694915 30 2.218861628417839
2 0.03177966101694915 30 1.9672595658927798
2 0.0031779661016949155 3 2.175832646528738
2 0.006355932203389831 6 1.932990782640487
2 0.006355932203389831 6 1.9254895685874924
2 0.0031779661016949155 3 2.0037601050202145
2 0.0031779661016949155 3 2.0037809844270322
2 0.00423728813559322 4 1.9259814502864112
2 0.00423728813559322 4 2.0151868655134715
2 0.009533898305084746 9 1.9548772409241177
2 0.009533898305084746 9 2.041541410587298
2 0.006355932203389831 6 2.0289672754460417
2 0.006355932203389831 6 2.0242368762368317
2 0.006355932203389831 6 1.9653303202210117
2 0.006355932203389831 6 2.081333589815693
2 0.006355932203389831 6 2.0708964500540286
2 0.006355932203389831 6 1.9124342136967138
2 0.006355932203389831 6 2.0269876278262666
2 0.036016949152542374 34 2.0941152531053264
2 0.03177966101694915 30 1.8765132524751085
2 0.03177966101694915 30 2.107237727973259
2 0.03177966101694915 30 1.8471463845186924
2 0.03177966101694915 30 1.8873035090891768
2 0.00211864406779661 2 2.027006777745192
2 0.0031779661016949155 3 1.89770400969157
2 0.022245762711864406 21 1.972131321783162
2 0.013771186440677966 13 1.9707421091953377
2 0.013771186440677966 13 1.9434362787327695
2 0.013771186440677966 13 1.87753846082839
2 0.013771186440677966 13 1.7917370767746088
2 0.009533898305084746 9 2.0397547905993743
2 0.006355932203389831 6 2.1481943310484386
2 0.0031779661016949155 3 2.073145078470099
2 0.0031779661016949155 3 1.8740329102527422
2 0.0031779661016949155 3 1.9819484661761968
2 0.0031779661016949155 3 1.8303990865896937
2 0.013771186440677966 13 1.998251718280734
2 0.013771186440677966 13 1.9313794897922298
2 0.013771186440677966 13 1.9321679573638137
2 0.013771186440677966 13 2.092655296837954
2 0.011652542372881356 11 1.946336071252933
2 0.018008474576271187 17 2.1193178459533537
2 0.0211864406779661 20 1.9505886893509792
2 0.005296610169491525 5 2.0465177914578545
3 0.0011926058437686344 2 3.0279359750892274
3 0.0011926058437686344 2 2.842008785724569
3 0.0011926058437686344 2 3.013608506002856
3 0.06797853309481217 114 3.0170958731258395
3 0.002385211687537269 4 2.9567229606177308
3 0.002385211687537269 4 2.949840947397642
3 0.002385211687537269 4 3.0989474798956227
3 0.011329755515802028 19 3.1454619969926316
3 0.011329755515802028 19 2.967414728727346
3 0.06082289803220036 102 2.9329124430321007
3 0.03995229576624926 67 2.988497047371814
3 0.03995229576624926 67 2.8173488790946575
3 0.03637447823494335 61 3.0548045025039707
3 0.03637447823494335 61 2.8098899176127805
3 0.0029815146094215863 5 2.9658440575449245
3 0.06797853309481217 114 3.006332389102897
3 0.0011926058437686344 2 2.95581143237046
3 0.0011926058437686344 2 2.916571183509553
3 0.0011926058437686344 2 3.11689375994807
3 0.0011926058437686344 2 3.028127431435407
3 0.03995229576624926 67 3.010049533765735
3 0.03637447823494335 61 2.9651143379180427
3 0.03637447823494335 61 2.997919731383799
3 0.03995229576624926 67 2.928781289767724
3 0.0035778175313059034 6 2.930166656176766
3 0.0035778175313059034 6 3.012248181938812
3 0.09719737626714371 163 3.138528485048675
3 0.005366726296958855 9 2.865737948820291
3 0.005366726296958855 9 2.85628140958463
3 0.06797853309481217 114 2.9106152574271364
3 0.0017889087656529517 3 2.9920377629262234
3 0.05605247465712582 94 2.913600355590494
3 0.002385211687537269 4 3.0688856627520558
3 0.002385211687537269 4 2.985100456545958
3 0.002385211687537269 4 3.1504305245490745
3 0.002385211687537269 4 3.1222539538907093
3 0.002385211687537269 4 3.1626208584792144
3 0.044722719141323794 75 2.8462686817398994
3 0.04531902206320811 76 2.7417404378938905
3 0.005366726296958855 9 2.926857711167559
3 0.0017889087656529517 3 3.07396721376905
3 0.0017889087656529517 3 3.142710516118309
3 0.0017889087656529517 3 3.0591467745181706
3 0.0017889087656529517 3 2.9342109594512404
3 0.0011926058437686344 2 3.0129487077357417
3 0.0011926058437686344 2 3.0278992205965416
3 0.05605247465712582 94 2.926674566802725
3 0.044722719141323794 75 3.1704728332647867
3 0.09719737626714371 163 3.040728836475137
3 0.05605247465712582 94 3.0264108652527426
3 0.07036374478234943 118 2.9811490509914513
3 0.004770423375074538 8 2.9495991873340253
3 0.04531902206320811 76 2.899426056515311
3 0.04054859868813357 68 2.981657961135853
3 0.03697078115682767 62 3.1803227910476206
3 0.03697078115682767 62 3.146355225114539
3 0.04054859868813357 68 3.013254659450906
3 0.06797853309481217 114 2.8599172436059295
3 0.03577817531305903 60 3.0927685612827363
3 0.03577817531305903 60 2.917147535911418
3 0.06022659511031604 101 2.7680205474292943
3 0.03935599284436494 66 3.062492666441477
3 0.03935599284436494 66 3.129428028535714
3 0.004770423375074538 8 3.078798342642867
3 0.004770423375074538 8 2.951711603971315
3 0.002385211687537269 4 3.082947890932424
3 0.002385211687537269 4 2.962358423136585
3 0.07215265354800239 121 2.8365433966851534
3 0.07394156231365534 124 2.82513290083516
3 0.044722719141323794 75 3.1259540723604715
3 0.007155635062611807 12 2.9461250529178202
3 0.0011926058437686344 2 2.9599365595905196
3 0.0011926058437686344 2 3.0573666272513136
3 0.0011926058437686344 2 2.8662764531601757
3 0.0011926058437686344 2 2.762833899665949
3 0.0011926058437686344 2 2.954792913233946
3 0.0011926058437686344 2 3.0043389024745686
3 0.0011926058437686344 2 2.9190891317852117
3 0.0011926058437686344 2 3.018010085046355
3 0.0011926058437686344 2 2.8030709531084357
3 0.057245080500894455 96 3.1041449563705337
3 0.0017889087656529517 3 3.0660648786764595
3 0.0017889087656529517 3 2.782405605148245
3 0.0017889087656529517 3 2.959553087987339
3 0.0017889087656529517 3 3.223025736350922
3 0.0017889087656529517 3 3.0529594688424684
3 0.06141920095408467 103 2.86252782505461
3 0.04054859868813357 68 2.849218697020607
3 0.04054859868813357 68 2.896311295607288
3 0.03697078115682767 62 3.194463549889125
3 0.03697078115682767 62 2.939027673701437
3 0.0017889087656529517 3 2.9668693548518528
3 0.0017889087656529517 3 2.9795335926364586
3 0.0017889087656529517 3 3.080766151072809
3 0.0017889087656529517 3 3.0496628625630002
3 0.044126416219439475 74 2.9460246743853946
3 0.0017889087656529517 3 3.019057654678944
3 0.0017889087656529517 3 2.922672257598244
3 0.0017889087656529517 3 3.0069993215508584
3 0.0017889087656529517 3 2.9969398740012285
3 0.0017889087656529517 3 3.0591163644647716
3 0.0017889087656529517 3 2.8813312651933156
3 0.0017889087656529517 3 2.942789137074188
3 0.0011926058437686344 2 3.055908159335447
3 0.0011926058437686344 2 3.0181222275237847
3 0.0011926058437686344 2 2.950597029612328
3 0.0011926058437686344 2 3.0288110650981466
3 0.044126416219439475 74 2.922187654611384
3 0.011329755515802028 19 3.134291416034192
3 0.011329755515802028 19 2.8670262854914896
3 0.012522361359570662 21 2.975799449204621
3 0.012522361359570662 21 2.8447399348990485
3 0.044126416219439475 74 2.871305223568764
3 0.01967799642218247 33 2.9223945336320414
3 0.016100178890876567 27 2.8638816901186606
3 0.016100178890876567 27 3.218112437908706
3 0.01967799642218247 33 3.154035744945616
3 0.0017889087656529517 3 2.9649565930989445
3 0.0017889087656529517 3 3.1713479519846013
3 0.0017889087656529517 3 3.0256909696893937
3 0.0017889087656529517 3 2.934081363751387
3 0.0017889087656529517 3 3.0969439258361655
3 0.0017889087656529517 3 2.760907626152275
3 0.0017889087656529517 3 2.9105492583058363
3 0.0017889087656529517 3 3.067741524125231
3 0.0017889087656529517 3 2.9287604094744664
3 0.0017889087656529517 3 3.0306201172234863
3 0.0017889087656529517 3 3.015238392364568
3 0.0017889087656529517 3 3.0047197270739536
3 0.0017889087656529517 3 3.0016959744231917
3 0.06022659511031604 101 3.0488376114821225
3 0.03935599284436494 66 3.035227428241263
3 0.03935599284436494 66 3.0385537657267125
3 0.03577817531305903 60 2.6019930653868557
3 0.03577817531305903 60 2.9691477471647936
3 0.0035778175313059034 6 3.0461163673839184
3 0.0035778175313059034 6 3.033648767083439
3 0.0035778175313059034 6 3.0052235940821017
3 0.03637447823494335 61 3.195564304863074
3 0.03637447823494335 61 3.0095644086644997
3 0.06082289803220036 102 2.9030943364351933
3 0.03995229576624926 67 2.958186993602661
3 0.03995229576624926 67 3.1428623504261712
3 0.005366726296958855 9 2.9679905254860905
3 0.005366726296958855 9 2.8668634932718655
3 0.0017889087656529517 3 2.952994328254606
3 0.0011926058437686344 2 3.0026103066002845
3 0.0011926058437686344 2 3.0471577512439936
3 0.0011926058437686344 2 3.254800229041645
3 0.0011926058437686344 2 3.035571795627088
3 0.0011926058437686344 2 3.0996050759125104
3 0.0011926058437686344 2 2.920420782403661
3 0.0011926058437686344 2 3.127857746766022
3 0.0011926058437686344 2 2.8989288728064313
3 0.05008944543828265 84 3.032671066420048
3 0.0017889087656529517 3 2.9338278787893386
3 0.0041741204531902205 7 3.020483015153859
3 0.0041741204531902205 7 3.008501311195735
3 0.012522361359570662 21 3.0705340238201737
3 0.012522361359570662 21 2.9996041333796963
3 0.03637447823494335 61 2.940912811947425
3 0.03637447823494335 61 2.9473176253547626
3 0.06082289803220036 102 3.1287753225757178
3 0.03995229576624926 67 2.8387973331564735
3 0.03995229576624926 67 3.0333485582372335
3 0.005366726296958855 9 2.9970010911520686
3 0.005366726296958855 9 2.9465140672293106
3 0.03935599284436494 66 2.956381435769811
3 0.03935599284436494 66 2.9300843183397958
3 0.03577817531305903 60 3.020414425348819
3 0.03577817531305903 60 2.8843271825497907
3 0.0011926058437686344 2 3.082553082293097
3 0.0011926058437686344 2 3.0735049095463376
3 0.0011926058437686344 2 3.1124753044015514
3 0.0011926058437686344 2 2.9438091365637966
3 0.0011926058437686344 2 3.0052623536413248
3 0.0011926058437686344 2 2.899542375701155
3 0.0011926058437686344 2 2.9641815189869103
3 0.0011926058437686344 2 2.8705678203724774
3 0.044722719141323794 75 3.007502432515856
3 0.06797853309481217 114 2.859289341504365
3 0.0017889087656529517 3 3.0078254464468364
3 0.0017889087656529517 3 2.9514315547160557
3 0.011329755515802028 19 2.978020790953962
3 0.011329755515802028 19 3.0886569729996554
3 0.0011926058437686344 2 2.931624975228902
3 0.0011926058437686344 2 3.0567271259354047
3 0.0011926058437686344 2 3.087092880956974
3 0.0011926058437686344 2 3.0761595440247547
3 0.0017889087656529517 3 2.7670036585573374
3 0.0017889087656529517 3 2.910063197453432
3 0.0017889087656529517 3 3.114838933408051
3 0.06022659511031604 101 2.8806062919958615
3 0.03935599284436494 66 2.994879009713717
3 0.03935599284436494 66 3.062235958641163
3 0.03577817531305903 60 3.015678508263628
3 0.03577817531305903 60 3.036019235182633
3 0.002385211687537269 4 3.048955199021748
3 0.0017889087656529517 3 2.928536548013832
3 0.0017889087656529517 3 3.0252980573735755
3 0.0017889087656529517 3 3.0416322331932824
3 0.0017889087656529517 3 3.0979750174372
3 0.0011926058437686344 2 2.9338599470196733
3 0.0011926058437686344 2 2.921282274452035
3 0.0011926058437686344 2 2.8932023397390383
3 0.0011926058437686344 2 3.2077209631290087
3 0.0011926058437686344 2 3.1970194308807995
3 0.0011926058437686344 2 2.912230288549056
3 0.0011926058437686344 2 3.0738215920041174
3 0.0011926058437686344 2 2.944199122396907
3 0.0011926058437686344 2 3.0079033931918038
3 0.044722719141323794 75 2.904875704009168
3 0.046511627906976744 78 2.995768958996319
3 0.07215265354800239 121 2.8784865748268893
3 0.07394156231365534 124 3.075531052324934
3 0.04531902206320811 76 2.908452832596386
3 0.011926058437686345 20 3.035567629391707
3 0.011926058437686345 20 2.828007224350147
3 0.045915324985092425 77 3.2090554911041727
3 0.04114490161001789 69 3.117163167456453
3 0.03756708407871199 63 3.010777709065809
3 0.03756708407871199 63 2.8376652780399967
3 0.04114490161001789 69 2.9642494200287723
3 0.0017889087656529517 3 2.895073303238167
3 0.044722719141323794 75 3.250566546764347
3 0.002385211687537269 4 2.9561344052459395
3 0.002385211687537269 4 3.0150336948551963
3 0.002385211687537269 4 2.8932316250139714
3 0.002385211687537269 4 2.8990713566780975
3 0.002385211687537269 4 2.8660221800469365
3 0.004770423375074538 8 2.9453290109129613
3 0.004770423375074538 8 3.1364147558888096
3 0.044722719141323794 75 2.8130785914015743
3 0.03995229576624926 67 3.038110061207213
3 0.03637447823494335 61 3.076318628559454
3 0.03637447823494335 61 2.921018535650316
3 0.03995229576624926 67 2.912925330292598
3 0.06022659511031604 101 2.8752775622476525
3 0.03935599284436494 66 2.9458117627945506
3 0.03935599284436494 66 2.8982799763638782
3 0.03577817531305903 60 3.1429569098209234
3 0.03577817531305903 60 3.0932905329168627
3 0.0017889087656529517 3 3.0226331317350184
3 0.0017889087656529517 3 3.1676297671428095
3 0.0017889087656529517 3 3.1210581573631373
3 0.0017889087656529517 3 3.1368589516689673
3 0.0017889087656529517 3 2.9093521417325623
3 0.0017889087656529517 3 3.0148655012063577
3 0.0017889087656529517 3 2.9223913913565602
3 0.06022659511031604 101 3.0434433998236403
3 0.03935599284436494 66 2.998654136605186
3 0.03935599284436494 66 2.917252052423736
3 0.03577817531305903 60 3.0437791142803134
3 0.03577817531305903 60 3.1724779229079783
3 0.03995229576624926 67 2.9617537467340376
3 0.03995229576624926 67 2.851032564791755
3 0.03637447823494335 61 2.8876314242827354
3 0.03637447823494335 61 3.1023762367211933
3 0.002385211687537269 4 3.051613695515007
3 0.03995229576624926 67 2.8817966153206975
3 0.03995229576624926 67 3.1195318771095213
3 0.03637447823494335 61 2.945397323656496
3 0.03637447823494335 61 3.0266241700982652
3 0.06141920095408467 103 2.8145193243811617
3 0.06022659511031604 101 3.0152227161166962
3 0.03935599284436494 66 3.1499329019275923
3 0.03935599284436494 66 2.986407491883429
3 0.03577817531305903 60 2.9504545357829572
3 0.03577817531305903 60 2.819310590832309
3 0.0035778175313059034 6 2.9447239329021717
3 0.0041741204531902205 7 3.036746182333059
3 0.0041741204531902205 7 3.055216912744804
3 0.04531902206320811 76 2.9360399808886775
3 0.06738223017292785 113 2.9532689130536065
3 0.04054859868813357 68 2.871951608687241
3 0.03697078115682767 62 3.0551123156032656
3 0.03697078115682767 62 2.9365480696937265
3 0.04054859868813357 68 2.779471108249184
3 0.0017889087656529517 3 3.169216119696232
3 0.0017889087656529517 3 3.043214076114432
3 0.0017889087656529517 3 2.992835647374754
3 0.04531902206320811 76 3.0440207581277847
3 0.0017889087656529517 3 2.9164360993192084
3 0.04531902206320811 76 3.0738903339448704
3 0.0011926058437686344 2 3.028959748839764
3 0.0011926058437686344 2 2.9297208475248304
3 0.0011926058437686344 2 2.944410491246757
3 0.008944543828264758 15 2.9049981445611155
3 0.06797853309481217 114 3.0452169056877434
3 0.0017889087656529517 3 3.004740479407496
3 0.0017889087656529517 3 3.186115275424349
3 0.0017889087656529517 3 3.0321298650789945
3 0.0017889087656529517 3 3.010253341570937
3 0.0017889087656529517 3 2.775746902053405
3 0.0017889087656529517 3 2.8671163669027875
3 0.0017889087656529517 3 3.0712016119612437
3 0.044722719141323794 75 2.9819654752007088
3 0.06738223017292785 113 3.071319011031642
3 0.04531902206320811 76 2.933027898236798
3 0.005366726296958855 9 2.930458485987783
3 0.005366726296958855 9 2.9181674381554457
3 0.0011926058437686344 2 2.781666352733624
3 0.0011926058437686344 2 2.8985985494411297
3 0.06976744186046512 117 3.0220746487368713
3 0.0011926058437686344 2 3.0108147893282586
3 0.0011926058437686344 2 3.0061200279825533
3 0.0017889087656529517 3 2.9571625114831495
3 0.0017889087656529517 3 2.8651722869981957
3 0.0017889087656529517 3 2.7024180780600164
3 0.0017889087656529517 3 3.160409764497165
3 0.0017889087656529517 3 2.9687442253713177
3 0.0017889087656529517 3 3.088788141032219
3 0.0017889087656529517 3 2.9278693945746657
3 0.0017889087656529517 3 2.9842271656601773
4 0.0015791551519936833 4 3.880320236703878
4 0.0015791551519936833 4 3.967321906813318
4 0.0015791551519936833 4 4.041522253614968
4 0.043821555467824715 111 3.8785636733495816
4 0.043821555467824715 111 3.9216095315443464
4 0.07224634820371101 183 4.248611201614214
4 0.0011843663639952626 3 3.9468038836188772
4 0.0011843663639952626 3 3.871827308386279
4 0.048164232135807346 122 4.050041329306994
4 0.045400710619818395 115 4.033481560840716
4 0.0031583103039873666 8 3.956226600216875
4 0.01421239636794315 36 3.8785075795174047
4 0.01421239636794315 36 4.155013239703409
4 0.01421239636794315 36 4.032915997575332
4 0.01421239636794315 36 3.979442639305875
4 0.01421239636794315 36 3.9738217039400014
4 0.012633241215949467 32 4.042885503515246
4 0.012633241215949467 32 3.951464641826863
4 0.0473746545598105 120 4.08686807980286
4 0.04697986577181208 119 3.993705739492891
4 0.0007895775759968417 2 4.19577863299446
4 0.0007895775759968417 2 4.078160403319869
4 0.04342676667982629 110 4.223245019797794
4 0.0031583103039873666 8 4.010067556584057
4 0.0031583103039873666 8 3.858533167125237
4 0.0031583103039873666 8 4.079337287335722
4 0.0031583103039873666 8 4.255739815263571
4 0.0031583103039873666 8 4.09154207279826
4 0.0031583103039873666 8 4.061574785850088
4 0.0031583103039873666 8 3.7609550032386485
4 0.0015791551519936833 4 3.773952434440934
4 0.0015791551519936833 4 3.986095355477354
4 0.0015791551519936833 4 3.952206885269496
4 0.0015791551519936833 4 4.129164625330448
4 0.01421239636794315 36 4.081072998791572
4 0.01421239636794315 36 4.044464504163139
4 0.01421239636794315 36 4.003195607802565
4 0.01421239636794315 36 4.0152601261820555
4 0.01421239636794315 36 3.9875152723807
4 0.012633241215949467 32 4.210228214661141
4 0.012633241215949467 32 4.111978129469384
4 0.0035530990919857876 9 3.936849785671627
4 0.043821555467824715 111 3.796442423483814
4 0.0011843663639952626 3 3.985352463308035
4 0.0011843663639952626 3 4.119125243896975
4 0.0011843663639952626 3 4.126596983523009
4 0.0011843663639952626 3 4.029738176344942
4 0.0011843663639952626 3 4.0557634356503645
4 0.0011843663639952626 3 3.833845546685139
4 0.0011843663639952626 3 3.8333233606709562
4 0.024476904855902093 62 4.027187634201405
4 0.027240426371891037 69 3.998871535046653
4 0.024476904855902093 62 4.061063337660196
4 0.024476904855902093 62 3.996539212305151
4 0.024476904855902093 62 4.158402424030498
4 0.04342676667982629 110 4.031853900773628
4 0.0015791551519936833 4 4.043604308802918
4 0.0015791551519936833 4 3.9842752218020103
4 0.0015791551519936833 4 4.0183237116123465
4 0.0015791551519936833 4 4.035636157962939
4 0.04342676667982629 110 4.1059112175843895
4 0.043821555467824715 111 4.050821645250339
4 0.0019739439399921043 5 3.77906436872434
4 0.0015791551519936833 4 3.986740429442994
4 0.0015791551519936833 4 3.971395929911512
4 0.0015791551519936833 4 4.016219213011502
4 0.0007895775759968417 2 3.9630855752296688
4 0.0007895775759968417 2 3.931930689579622
4 0.0007895775759968417 2 3.9690088607928247
4 0.0007895775759968417 2 4.043997487500694
4 0.0007895775759968417 2 4.076580924692658
4 0.0011843663639952626 3 4.066776308996466
4 0.0011843663639952626 3 3.854087953014292
4 0.0011843663639952626 3 4.107291188197435
4 0.0011843663639952626 3 3.9589644332863747
4 0.0043426766679826295 11 4.197701628868448
4 0.0011843663639952626 3 4.083330392314737
4 0.0011843663639952626 3 4.140255604978611
4 0.0011843663639952626 3 4.083442445879303
4 0.0011843663639952626 3 3.900594033653892
4 0.0011843663639952626 3 3.9937511245220407
4 0.0011843663639952626 3 4.152729828856916
4 0.0011843663639952626 3 3.9627396145477247
4 0.043821555467824715 111 4.200672535615611
4 0.04342676667982629 110 4.048389695780199
4 0.024871693643900513 63 3.914106953012241
4 0.02763521515988946 70 4.004915341146699
4 0.024871693643900513 63 3.941143038675167
4 0.024871693643900513 63 4.031168195202779
4 0.024871693643900513 63 4.125243876727136
4 0.0011843663639952626 3 4.037666517603487
4 0.0011843663639952626 3 3.948964009160999
4 0.0011843663639952626 3 3.9375762329347546
4 0.0011843663639952626 3 3.821865805015089
4 0.04697986577181208 119 4.104804622758032
4 0.04697986577181208 119 3.9774459320281412
4 0.04342676667982629 110 4.003950805691655
4 0.044611133043821555 113 4.088886109266232
4 0.0027635215159889457 7 4.139776110781387
4 0.0027635215159889457 7 3.931763135974352
4 0.0027635215159889457 7 3.9895941614521417
4 0.008685353335965259 22 4.178479190639896
4 0.008685353335965259 22 4.1944199316215585
4 0.014607185155941572 37 4.03792944018868
4 0.014607185155941572 37 4.0683315304354934
4 0.014607185155941572 37 3.972830985666956
4 0.014607185155941572 37 4.244645068201793
4 0.014607185155941572 37 4.1229816879118895
4 0.013028030003947888 33 3.895866201920632
4 0.013028030003947888 33 4.24155718709895
4 0.024082116067903673 61 3.949255372105209
4 0.026845637583892617 68 3.9939318516685542
4 0.024082116067903673 61 4.082833478166703
4 0.024082116067903673 61 4.07337231730205
4 0.024082116067903673 61 3.985667400616047
4 0.002368732727990525 6 4.163441638530458
4 0.002368732727990525 6 4.140169207701127
4 0.002368732727990525 6 4.053161089608088
4 0.0031583103039873666 8 3.984885523374728
4 0.0031583103039873666 8 3.803329405208313
4 0.0007895775759968417 2 4.240616948304964
4 0.0007895775759968417 2 3.933160586913988
4 0.0007895775759968417 2 3.9106605131559053
4 0.0007895775759968417 2 3.8785970289784784
4 0.0007895775759968417 2 4.100646634357566
4 0.0007895775759968417 2 4.075865428749322
4 0.0007895775759968417 2 3.9487448224865984
4 0.0007895775759968417 2 3.9934125140949432
4 0.0007895775759968417 2 3.906210916201028
4 0.0007895775759968417 2 3.8589370920088695
4 0.008685353335965259 22 3.8185787681243117
4 0.008685353335965259 22 3.834375742617966
4 0.04421634425582313 112 3.999242231725877
4 0.0094749309119621 24 4.023448162338423
4 0.0094749309119621 24 4.06922254929583
4 0.04342676667982629 110 4.196580794669654
4 0.044611133043821555 113 4.229328582902754
4 0.04697986577181208 119 3.9364917037821034
4 0.04697986577181208 119 4.047295483710752
4 0.05211212001579155 132 4.137470909694109
4 0.0019739439399921043 5 3.92855754360551
4 0.0019739439399921043 5 3.7366840129344725
4 0.01421239636794315 36 3.985317380708623
4 0.01421239636794315 36 4.047737874242817
4 0.01421239636794315 36 4.170307792426881
4 0.01421239636794315 36 3.898881872442112
4 0.01421239636794315 36 4.0152113913341765
4 0.0011843663639952626 3 4.185877006950012
4 0.0015791551519936833 4 4.159222893569995
4 0.0007895775759968417 2 3.826516541889379
4 0.0007895775759968417 2 4.028067597919373
4 0.0011843663639952626 3 3.8938381122632872
4 0.043031977891827874 109 3.843925579550721
4 0.037110146071851556 94 3.925085470687112
4 0.037110146071851556 94 3.9254343981631323
4 0.03987366758784051 101 4.081150710832306
4 0.0019739439399921043 5 4.02120208776099
4 0.0019739439399921043 5 3.6875372101384922
4 0.0019739439399921043 5 4.0270623838914155
4 0.0019739439399921043 5 3.85766808525135
4 0.0011843663639952626 3 3.912016214129981
4 0.0011843663639952626 3 3.9776103928865107
4 0.0011843663639952626 3 3.9500841809885494
4 0.007895775759968417 20 3.9508255213082273
4 0.007895775759968417 20 4.059692777129344
4 0.0007895775759968417 2 3.9263183518944773
4 0.0007895775759968417 2 3.9352810642161766
4 0.0007895775759968417 2 4.032934510461034
4 0.0007895775759968417 2 3.917933957780927
4 0.0007895775759968417 2 3.940703320689443
4 0.0007895775759968417 2 4.005940010093041
4 0.0007895775759968417 2 3.9942336116838004
4 0.0007895775759968417 2 4.0812576859523935
4 0.0007895775759968417 2 4.051296878666209
4 0.0011843663639952626 3 3.8835341519967783
4 0.013028030003947888 33 4.117148103732298
4 0.013028030003947888 33 4.045463929701491
4 0.014607185155941572 37 3.8676829909018844
4 0.014607185155941572 37 3.7617942994261813
4 0.014607185155941572 37 4.033188666397791
4 0.014607185155941572 37 3.8421448997495617
4 0.014607185155941572 37 3.915427388456848
4 0.04342676667982629 110 3.9566710177795277
4 0.043821555467824715 111 4.0268434620081734
4 0.05408606395578366 137 4.169146176017348
4 0.043821555467824715 111 4.035746151157259
4 0.03987366758784051 101 4.110758939992542
4 0.037110146071851556 94 4.056146688958664
4 0.037110146071851556 94 3.8337632219833453
4 0.043031977891827874 109 4.0368992053124835
4 0.0015791551519936833 4 3.7137485937348873
4 0.0015791551519936833 4 4.008867575190103
4 0.043031977891827874 109 4.024714424070625
4 0.013028030003947888 33 3.8385296106263582
4 0.013028030003947888 33 3.9381182309629543
4 0.014607185155941572 37 4.071662592671264
4 0.014607185155941572 37 4.014678515491289
4 0.014607185155941572 37 3.9881216374638764
4 0.014607185155941572 37 4.026578816967852
4 0.014607185155941572 37 4.06349347769566
4 0.043821555467824715 111 4.0657669611169105
4 0.0039478878799842085 10 4.0896484514710565
4 0.0011843663639952626 3 3.917063251451843
4 0.0011843663639952626 3 4.0562042103868245
4 0.0011843663639952626 3 4.055344288633666
4 0.0011843663639952626 3 3.9455913496984345
4 0.0011843663639952626 3 4.129673169720728
4 0.04658507698381366 118 3.953159941288648
4 0.007895775759968417 20 4.0158705139729145
4 0.007895775759968417 20 3.950911998680138
4 0.0019739439399921043 5 3.9502193055888317
4 0.0019739439399921043 5 4.034292559053958
4 0.01421239636794315 36 4.072532403482338
4 0.01421239636794315 36 3.9371682559511
4 0.01421239636794315 36 3.9878034878328705
4 0.01421239636794315 36 3.985024447499633
4 0.01421239636794315 36 3.984762766909553
4 0.0011843663639952626 3 3.980018030730537
4 0.0011843663639952626 3 4.032698365685803
4 0.008685353335965259 22 4.088421291367501
4 0.008685353335965259 22 3.9275659914993444
4 0.0011843663639952626 3 3.9173541956807836
4 0.024082116067903673 61 4.045744647474976
4 0.026845637583892617 68 3.8159879610609724
4 0.024082116067903673 61 3.984392757644201
4 0.024082116067903673 61 4.029231724565273
4 0.024082116067903673 61 3.960602862994728
4 0.0011843663639952626 3 3.75419548749031
4 0.0011843663639952626 3 3.9399189344861902
4 0.04500592183181998 114 3.9681247570896163
4 0.0007895775759968417 2 4.099653194810934
4 0.0007895775759968417 2 3.944965147342606
4 0.0007895775759968417 2 3.900819727963796
4 0.00473746545598105 12 3.9850992801749276
4 0.013028030003947888 33 4.0012462073661155
4 0.013028030003947888 33 3.869804783447548
4 0.014607185155941572 37 4.0274216475736395
4 0.014607185155941572 37 4.029924309908759
4 0.014607185155941572 37 3.9554025607353274
4 0.014607185155941572 37 4.080764666438001
4 0.014607185155941572 37 3.758755028250872
4 0.044611133043821555 113 4.046138582446387
4 0.00986971969996052 25 3.956384034761354
4 0.00986971969996052 25 4.05016948361497
4 0.0019739439399921043 5 3.9971839714947404
4 0.04342676667982629 110 4.011234427803249
4 0.044611133043821555 113 3.8368388863090654
4 0.04697986577181208 119 3.9405335663037624
4 0.04697986577181208 119 4.0836232306483815
4 0.04342676667982629 110 3.918847745896602
4 0.002368732727990525 6 4.0583190817985875
4 0.002368732727990525 6 4.064062500840858
4 0.043821555467824715 111 4.1164474670174505
4 0.0031583103039873666 8 3.989870324855398
4 0.0007895775759968417 2 4.044796367650638
4 0.0007895775759968417 2 4.025254889349646
4 0.0015791551519936833 4 3.8683885087116545
4 0.0015791551519936833 4 4.110471690160631
4 0.0015791551519936833 4 3.9939173522467364
4 0.0015791551519936833 4 4.056066426716371
4 0.0015791551519936833 4 3.97027739964147
4 0.0007895775759968417 2 3.9960968452069605
4 0.0007895775759968417 2 3.8435895175438635
4 0.0007895775759968417 2 4.10183228403559
4 0.0007895775759968417 2 4.06502029341433
4 0.05250690880378997 133 3.8905387459579925
4 0.0011843663639952626 3 3.9528365768948923
4 0.0019739439399921043 5 3.8255519380427776
4 0.0493485984998026 125 3.8118649756633207
4 0.0011843663639952626 3 4.123036921424642
4 0.0011843663639952626 3 3.979305738685084
4 0.0011843663639952626 3 3.913043043716756
4 0.0011843663639952626 3 4.005238391437711
4 0.0011843663639952626 3 3.9252169157947057
4 0.0011843663639952626 3 4.057868590945779
4 0.0011843663639952626 3 4.2192363478507735
4 0.0007895775759968417 2 4.113512797277362
4 0.0007895775759968417 2 3.9053362890641363
4 0.0007895775759968417 2 4.038974818243349
4 0.0007895775759968417 2 3.896270305434559
4 0.0007895775759968417 2 4.226076272206462
4 0.0007895775759968417 2 4.08757903771393
4 0.0007895775759968417 2 3.9762450993891147
4 0.009080142123963679 23 4.368679505014743
4 0.009080142123963679 23 3.9206204858840814
4 0.04342676667982629 110 4.023099925515349
4 0.014607185155941572 37 4.0854232946897024
4 0.014607185155941572 37 4.08225235222145
4 0.014607185155941572 37 3.953236989280101
4 0.014607185155941572 37 3.906877133433694
4 0.014607185155941572 37 3.9916359624466624
4 0.013028030003947888 33 3.9626152819662432
4 0.013028030003947888 33 3.9887923562400642
4 0.04263718910382945 108 4.040171936824052
4 0.03947887879984208 100 4.142752450850023
4 0.03671535728385314 93 3.9720702678577426
4 0.03671535728385314 93 4.0581354165992325
4 0.043031977891827874 109 3.7958271480839523
4 0.013028030003947888 33 4.052856349721504
4 0.013028030003947888 33 4.0158750426525245
4 0.014607185155941572 37 4.017121241950212
4 0.014607185155941572 37 3.9582010474224467
4 0.014607185155941572 37 4.230573345237145
4 0.014607185155941572 37 4.007759621203361
4 0.014607185155941572 37 3.9477458620073382
4 0.04421634425582313 112 3.8361770552847148
4 0.0039478878799842085 10 3.944599221374155
4 0.0039478878799842085 10 4.186624386750303
4 0.0007895775759968417 2 3.9132354181686013
4 0.0007895775759968417 2 3.830600490632674
4 0.0007895775759968417 2 3.989249081151387
4 0.0007895775759968417 2 3.864033494371453
4 0.0007895775759968417 2 3.917145414893079
4 0.0007895775759968417 2 3.9626142595593277
4 0.0007895775759968417 2 3.88403536780036
4 0.0007895775759968417 2 3.9949613369825956
4 0.0007895775759968417 2 3.965296766788039
4 0.0011843663639952626 3 4.024619629478791
4 0.0007895775759968417 2 4.035375339954506
4 0.0007895775759968417 2 4.05292579063979
4 0.0007895775759968417 2 4.17091964317784
4 0.0007895775759968417 2 3.871886307285619
4 0.0007895775759968417 2 4.092120138437063
4 0.024476904855902093 62 3.9942723107616604
4 0.027240426371891037 69 3.9112910676739974
4 0.024476904855902093 62 4.011814810281245
4 0.024476904855902093 62 3.8921059667633218
4 0.024476904855902093 62 4.0304958432349975
4 0.0015791551519936833 4 4.128417524807719
4 0.0015791551519936833 4 4.1478890453533115
4 0.0015791551519936833 4 4.012287234940723
4 0.0015791551519936833 4 3.9832962478927953
4 0.0015791551519936833 4 4.141394905026387
4 0.013422818791946308 34 4.207695655462211
4 0.013422818791946308 34 4.042051234691869
4 0.0007895775759968417 2 4.140085546003597
4 0.0007895775759968417 2 4.1374921821135935
4 0.0007895775759968417 2 4.1017879505841055
4 0.0007895775759968417 2 3.9483342271252146
4 0.0007895775759968417 2 3.9713597712122395
4 0.024082116067903673 61 4.006914582911322
4 0.026845637583892617 68 3.9610771704149057
4 0.024082116067903673 61 4.187973072024498
4 0.024082116067903673 61 3.9444525588274297
4 0.024082116067903673 61 4.154579901329335
4 0.0031583103039873666 8 4.017054679503991
4 0.04421634425582313 112 4.115417974206277
4 0.04342676667982629 110 3.805314669872378
4 0.0027635215159889457 7 4.213473523433551
4 0.04342676667982629 110 3.9812266547312074
4 0.0011843663639952626 3 4.023425207439658
4 0.043821555467824715 111 4.014920379224479
4 0.043821555467824715 111 3.953357960206204
5 0.02830188679245283 54 4.968066665578844
5 0.02830188679245283 54 4.952782781440167
5 0.02830188679245283 54 5.110486014149888
5 0.02830188679245283 54 4.876435575576378
5 0.02830188679245283 54 5.2046381538828435
5 0.02830188679245283 54 4.939301049815836
5 0.02830188679245283 54 5.061545179565994
5 0.02830188679245283 54 4.942638187166071
5 0.02830188679245283 54 5.056585118506851
5 0.02830188679245283 54 5.0759707899178945
5 0.0047169811320754715 9 4.953939469187892
5 0.0047169811320754715 9 4.9563082231288025
5 0.1530398322851153 292 4.9388753394051745
5 0.006289308176100629 12 5.01334820815737
5 0.0015723270440251573 3 5.004209162943038
5 0.0031446540880503146 6 4.841451354668384
5 0.0031446540880503146 6 5.170297301592344
5 0.0031446540880503146 6 4.940992313706782
5 0.01781970649895178 34 4.794289364116507
5 0.01781970649895178 34 4.827602607547789
5 0.01781970649895178 34 4.9069453789666015
5 0.01781970649895178 34 5.094271335822005
5 0.01781970649895178 34 4.879766596176617
5 0.01781970649895178 34 4.826996600144085
5 0.01781970649895178 34 5.040671857673823
5 0.024633123689727462 47 4.813622502414899
5 0.026729559748427674 51 4.987674704307221
5 0.0015723270440251573 3 5.092784290051369
5 0.0015723270440251573 3 5.014942832535795
5 0.0015723270440251573 3 4.908518199940058
5 0.0015723270440251573 3 5.012978308776632
5 0.0010482180293501049 2 5.206778253146401
5 0.0010482180293501049 2 4.898914339320646
5 0.0010482180293501049 2 4.982597995687616
5 0.0010482180293501049 2 5.108175463715834
5 0.24213836477987422 462 5.11987976102921
5 0.15146750524109015 289 5.048452643834723
5 0.040880503144654086 78 4.947196463868187
5 0.002620545073375262 5 4.891168668370854
5 0.0047169811320754715 9 5.019413817347374
5 0.15251572327044025 291 5.11082801029093
5 0.1509433962264151 288 4.825861747442109
5 0.1509433962264151 288 4.938614729094301
5 0.1519916142557652 290 4.798711282815955
5 0.1530398322851153 292 4.893262736184781
5 0.026729559748427674 51 5.057249701255613
5 0.0015723270440251573 3 5.031908784875576
5 0.0015723270440251573 3 5.220963566896478
5 0.0015723270440251573 3 5.016170135589159
5 0.0015723270440251573 3 5.147049240082603
5 0.0015723270440251573 3 4.9075862863948
5 0.0015723270440251573 3 5.12771530023007
5 0.0015723270440251573 3 4.989467156308574
5 0.005765199161425576 11 5.004449388594344
5 0.005765199161425576 11 4.921867491925335
5 0.020964360587002098 40 4.877518862890047
5 0.029350104821802937 56 5.001514240018139
5 0.029350104821802937 56 5.033192220320905
5 0.029350104821802937 56 4.887133977045158
5 0.029350104821802937 56 4.961970704167065
5 0.029350104821802937 56 4.882522223015888
5 0.1519916142557652 290 4.965284947704257
5 0.044549266247379454 85 4.976593285339752
5 0.0015723270440251573 3 5.059231940202435
5 0.002620545073375262 5 5.005382397987259
5 0.0031446540880503146 6 4.851102326862462
5 0.0031446540880503146 6 4.925920062447994
5 0.007861635220125786 15 4.960831422338651
5 0.007861635220125786 15 4.845567712655355
5 0.0015723270440251573 3 4.921302999424362
5 0.0015723270440251573 3 4.853292130408729
5 0.1509433962264151 288 5.092385292810157
